0
3
6
17
21
22
30
35
38
51
52
54
56
61
66
69
71
76
83
86
88
91
93
100
101
104
105
108
112
115
124
125
126
128
130
135
136
140
142
144
145
150
153
154
156
159
164
165
168
171
172
174
175
176
179
180
182
184
185
186
190
192
193
195
197
200
202
203
204
205
206
207
209
210
211
212
213
216
219
226
227
228
230
231
232
233
235
245
253
254
255
259
260
262
264
268
270
277
278
287
288
289
293
294
296
298
301
303
308
309
310
312
315
317
319
320
321
323
325
327
329
331
332
334
335
338
340
342
344
345
346
347
349
351
354
355
363
365
366
369
373
374
379
381
382
384
385
386
389
390
392
395
400
401
403
407
408
409
410
412
413
414
415
416
418
424
428
435
437
438
439
440
444
445
449
450
453
455
457
460
462
465
467
469
470
471
472
473
476
477
478
479
480
481
484
485
488
489
490
491
492
494
495
496
497
499
503
504
506
509
510
511
513
514
515
518
519
520
524
525
527
529
531
532
537
538
541
543
544
545
547
548
549
550
551
552
553
554
557
559
560
561
564
565
567
573
574
576
578
579
580
581
582
584
585
586
589
592
593
594
596
598
601
602
603
606
607
610
614
617
619
620
621
624
630
634
635
636
638
640
641
642
643
644
646
648
650
654
655
657
659
660
661
664
665
668
669
672
673
675
677
680
681
686
687
690
692
693
695
696
697
698
702
704
705
706
709
712
717
721
722
723
724
728
729
731
733
736
738
739
740
741
743
746
749
750
752
758
761
763
770
771
772
773
777
778
779
784
785
787
789
791
792
795
796
797
798
799
800
805
806
807
812
818
819
820
824
827
828
829
832
834
835
836
839
846
848
849
850
851
852
856
858
860
866
872
873
875
876
877
880
881
884
886
887
889
891
892
894
901
902
903
905
908
910
911
913
914
915
916
917
918
921
922
923
925
928
929
935
936
937
939
942
943
944
946
953
954
960
963
964
965
967
969
975
976
980
987
991
992
993
994
998
999
1000
1001
1003
1004
1009
1010
1015
1017
1020
1022
1023
1027
1030
1031
1035
1037
1043
1045
1048
1049
1050
1051
1052
1053
1055
1057
1058
1061
1062
1063
1065
1068
1074
1081
1084
1089
1090
1093
1097
1098
1099
1100
1103
1107
1109
1112
1114
1120
1124
1128
1133
1134
1136
1137
1138
1142
1144
1146
1147
1148
1149
1150
1155
1156
1158
1159
1160
1161
1162
1164
1171
1172
1173
1174
1177
1178
1180
1184
1185
1187
1189
1191
1195
1200
1206
1208
1213
1215
1219
1221
1223
1226
1230
1231
1232
1234
1235
1240
1242
1244
1245
1246
1247
1250
1258
1259
1260
1261
1263
1265
1266
1269
1272
1278
1279
1280
1281
1282
1284
1287
1290
1292
1294
1298
1299
1305
1310
1311
1312
1316
1319
1320
1322
1323
1328
1329
1330
1335
1336
1338
1342
1344
1346
1347
1349
1351
1353
1360
1363
1370
1371
1372
1378
1379
1381
1385
1386
1394
1397
1398
1399
1402
1403
1405
1407
1408
1409
1411
1412
1415
1416
1417
1421
1423
1424
1425
1426
1427
1430
1431
1432
1433
1434
1435
1440
1443
1444
1448
1450
1452
1453
1456
1458
1459
1460
1461
1469
1473
1475
1479
1482
1483
1486
1490
1491
1497
1509
1510
1515
1520
1527
1529
1532
1533
1538
1541
1543
1549
1551
1552
1554
1558
1563
1571
1573
1579
1590
1591
1595
1597
1599
1602
1604
1607
1609
1611
1614
1615
1617
1618
1620
1622
1627
1632
1633
1634
1638
1641
1645
1648
1649
1653
1655
1656
1657
1658
1659
1662
1664
1669
1670
1672
1674
1684
1685
1687
1689
1690
1695
1698
1705
1708
1709
1710
1713
1714
1716
1718
1723
1728
1731
1737
1740
1741
1743
1746
1747
1748
1751
1753
1755
1756
1758
1767
1772
1776
1778
1781
1782
1796
1804
1810
1814
1817
1819
1820
1828
1830
1836
1838
1844
1845
1846
1859
1871
1874
1876
1882
1885
1888
1894
1895
1898
1899
1900
1901
1903
1904
1905
1907
1908
1909
1910
1911
1914
1918
1919
1922
1923
1925
1927
1928
1929
1930
1932
1933
1937
1938
1940
1941
1942
1944
1948
1956
1957
1959
1962
1963
1965
1966
1967
1970
1975
1976
1980
1981
1992
1994
2004
2006
2007
2016
2022
2034
2042
2045
2047
2052
2056
2060
2062
2064
2066
2068
2076
2077
2078
2086
2088
2090
2093
2095
2096
2097
2099
2100
2102
2104
2106
2107
2108
2110
2114
2115
2123
2125
2129
2134
2135
2137
2138
2140
2141
2143
2145
2146
2147
2154
2155
2156
2157
2158
2160
2161
2162
2165
2166
2168
2169
2171
2172
2175
2178
2179
2181
2182
2183
2186
2189
2190
2191
2194
2195
2196
2198
2199
2201
2208
2209
2212
2213
2214
2216
2220
2221
2222
2224
2225
2226
2227
2228
2229
2230
2231
2233
2235
2236
2237
2238
2241
2242
2243
2244
2245
2246
2247
2249
2252
2254
2255
2256
2258
2259
2263
2266
2267
2271
2272
2276
2282
2285
2286
2287
2290
2291
2297
2300
2301
2302
2309
2312
2314
2316
2317
2318
2322
2323
2324
2326
2327
2332
2337
2338
2339
2341
2343
2344
2346
2347
2348
2349
2350
2353
2355
2356
2361
2368
2370
2371
2373
2374
2378
2379
2380
2381
2387
2388
2389
2390
2394
2396
2397
2398
2400
2401
2405
2406
2408
2409
2411
2412
2413
2416
2417
2418
2419
2420
2421
2422
2423
2425
2426
2427
2428
2431
2432
2435
2436
2437
2438
2439
2441
2442
2444
2447
2450
2452
2453
2455
2456
2457
2458
2461
2462
2463
2465
2467
2468
2471
2472
2479
2480
2482
2483
2486
2488
2489
2490
2491
2492
2494
2495
2498
2499
2500
2501
2502
2504
2508
2509
2510
2513
2514
2515
2523
2524
2526
2527
2528
2533
2535
2537
2538
2539
2541
2545
2549
2550
2551
2554
2555
2556
2557
2559
2561
2562
2563
2566
2567
2570
2571
2572
2574
2575
2576
2581
2584
2587
2588
2591
2592
2593
2594
2597
2599
2601
2602
2603
2608
2609
2610
2611
2613
2615
2616
2620
2621
2622
2623
2625
2626
2627
2628
2629
2630
2634
2635
2638
2641
2645
2646
2648
2649
2650
2652
2653
2654
2662
2663
2664
2666
2669
2670
2671
2672
2676
2679
2680
2682
2684
2685
2686
2687
2688
2689
2690
2691
2692
2693
2694
2696
2698
2699
2702
2703
2707
2708
2712
2714
2717
2719
2720
2721
2722
2723
2724
2726
2728
2729
2733
2734
2736
2737
2739
2743
2744
2745
2754
2756
2760
2762
2764
2765
2766
2768
2769
2772
2774
2775
2776
2778
2779
2786
2788
2790
2792
2794
2795
2796
2797
2798
2799
2800
2801
2802
2803
2806
2808
2811
2812
2813
2814
2815
2819
2821
2823
2825
2828
2829
2830
2831
2832
2833
2835
2837
2838
2839
2840
2841
2843
2844
2845
2847
2852
2855
2857
2858
2859
2860
2861
2863
2864
2865
2868
2869
2870
2871
2872
2874
2878
2879
2885
2886
2888
2889
2891
2893
2894
2895
2896
2897
2899
2900
2902
2903
2904
2905
2914
2915
2919
2927
2928
2931
2932
2933
2934
2935
2936
2937
2939
2941
2942
2944
2945
2949
2950
2952
2953
2955
2957
2959
2960
2961
2962
2964
2968
2972
2975
2977
2984
2985
2988
2989
2991
2992
2995
2997
2999
3000
3001
3002
3003
3004
3005
3006
3007
3013
3015
3016
3017
3020
3025
3027
3028
3029
3030
3036
3037
3038
3039
3040
3041
3042
3043
3045
3047
3048
3051
3052
3054
3056
3059
3061
3063
3069
3070
3071
3074
3078
3079
3080
3082
3083
3084
3086
3087
3090
3091
3096
3098
3099
3100
3101
3107
3108
3111
3112
3113
3117
3119
3121
3122
3124
3125
3129
3130
3131
3132
3134
3139
3141
3146
3147
3148
3149
3157
3159
3161
3163
3167
3168
3169
3171
3174
3177
3178
3181
3182
3184
3185
3191
3194
3198
3199
3201
3202
3204
3206
3207
3208
3209
3213
3222
3223
3224
3225
3226
3227
3228
3229
3231
3239
3243
3244
3248
3251
3256
3257
3258
3263
3265
3266
3270
3271
3275
3276
3278
3283
3284
3286
3287
3288
3292
3294
3295
3296
3297
3299
3302
3303
3304
3310
3311
3312
3313
3314
3316
3317
3319
3321
3322
3323
3325
3332
3333
3334
3335
3337
3340
3341
3342
3343
3344
3345
3346
3347
3349
3350
3351
3354
3355
3356
3358
3359
3362
3363
3364
3365
3368
3369
3377
3380
3381
3383
3387
3388
3389
3390
3391
3392
3394
3395
3398
3402
3403
3405
3407
3408
3409
3412
3413
3414
3415
3417
3420
3421
3423
3424
3425
3428
3429
3430
3432
3436
3437
3438
3445
3448
3449
3458
3466
3470
3471
3472
3473
3474
3475
3479
3480
3481
3484
3485
3491
3493
3494
3497
3499
3500
3501
3502
3503
3504
3506
3508
3509
3510
3512
3517
3518
3519
3523
3527
3528
3533
3542
3548
3549
3550
3551
3552
3553
3554
3555
3558
3560
3563
3570
3572
3573
3575
3576
3577
3579
3582
3583
3584
3585
3586
3587
3588
3589
3590
3591
3592
3596
3599
3600
3607
3608
3609
3610
3611
3616
3617
3618
3619
3621
3622
3623
3625
3626
3632
3633
3634
3637
3640
3641
3643
3644
3645
3646
3647
3651
3655
3661
3662
3663
3668
3673
3674
3675
3676
3677
3678
3679
3681
3683
3688
3691
3692
3695
3697
3699
3700
3706
3707
3709
3712
3715
3716
3717
3719
3720
3722
3727
3728
3730
3732
3737
3738
3741
3744
3746
3748
3750
3751
3754
3756
3757
3761
3763
3766
3768
3769
3771
3774
3775
3777
3779
3781
3782
3783
3784
3785
3786
3789
3790
3792
3793
3796
3798
3799
3802
3803
3807
3809
3812
3814
3815
3816
3826
3828
3830
3832
3833
3838
3842
3844
3846
3848
3849
3850
3851
3858
3861
3862
3865
3867
3868
3876
3879
3881
3883
3885
3886
3887
3890
3891
3892
3893
3894
3895
3898
3899
3900
3902
3905
3906
3907
3908
3909
3910
3913
3915
3918
3922
3923
3928
3931
3933
3935
3937
3939
3940
3941
3942
3946
3949
3950
3953
3956
3958
3959
3961
3962
3964
3965
3966
3968
3973
3974
3976
3977
3980
3981
3984
3986
3987
3988
3989
3990
3991
3993
3995
3996
3997
4005
4006
4008
4010
4012
4013
4014
4015
4016
4019
4020
4025
4030
4032
4033
4034
4035
4037
4038
4041
4042
4044
4046
4047
4048
4050
4052
4056
4057
4058
4069
4071
4074
4075
4077
4078
4081
4082
4087
4089
4093
4094
4095
4096
4098
4099
4101
4106
4109
4118
4119
4120
4126
4128
4129
4130
4134
4136
4139
4142
4144
4150
4151
4154
4155
4156
4163
4164
4166
4168
4169
4170
4172
4174
4175
4183
4185
4188
4196
4199
4205
4207
4208
4209
4211
4219
4220
4221
4225
4227
4229
4232
4241
4243
4244
4245
4247
4248
4249
4255
4256
4257
4258
4261
4262
4263
4264
4265
4267
4269
4270
4272
4274
4276
4277
4278
4279
4280
4281
4282
4283
4284
4285
4287
4288
4289
4290
4291
4292
4293
4294
4296
4297
4304
4305
4307
4312
4314
4317
4318
4322
4323
4327
4328
4329
4334
4337
4343
4350
4353
4354
4355
4357
4360
4365
4368
4374
4377
4378
4384
4385
4386
4387
4388
4390
4391
4392
4393
4396
4397
4398
4403
4404
4409
4410
4413
4414
4415
4420
4421
4428
4431
4439
4441
4446
4448
4451
4452
4453
4454
4455
4457
4461
4468
4470
4471
4472
4474
4476
4477
4479
4483
4487
4490
4494
4495
4499
4500
4501
4502
4503
4505
4508
4510
4513
4515
4516
4517
4520
4522
4525
4527
4531
4532
4535
4536
4537
4538
4539
4544
4549
4555
4556
4559
4563
4566
4568
4569
4571
4573
4574
4575
4577
4580
4586
4587
4592
4595
4596
4598
4601
4602
4604
4607
4608
4609
4610
4613
4616
4617
4618
4621
4623
4625
4626
4628
4629
4634
4635
4637
4638
4643
4645
4646
4649
4650
4651
4652
4655
4658
4666
4667
4675
4677
4679
4680
4681
4685
4688
4691
4692
4693
4695
4699
4704
4707
4708
4709
4710
4711
4713
4715
4716
4722
4724
4726
4728
4730
4731
4732
4733
4737
4741
4742
4743
4745
4747
4753
4759
4760
4762
4766
4767
4770
