5118	2204
1510	78
6188	247
5495	1578
6416	3073
4156	2071
2175	1800
3691	2131
6915	2159
2196	118
984	3567
6448	2577
5371	3972
6375	4401
658	1179
958	1179
7007	1610
6222	2943
6496	1077
4020	2842
6421	2956
7403	2469
4767	3196
7415	3452
2492	2352
4512	3216
3935	113
1828	874
852	893
1257	1683
3217	2883
6534	1596
5160	1825
2648	893
1700	3943
2667	1699
80	874
6039	4496
2586	3714
6016	4339
4471	2987
3896	3837
1671	2321
1757	1540
3521	1254
7118	3999
6222	2023
5465	1117
7819	3866
744	1588
5000	3450
1978	2275
2362	1502
7277	2118
3264	1610
6941	1763
4750	1699
7707	1953
590	3241
865	2996
2540	1406
6757	2577
2408	2142
1462	3866
1689	539
2371	1202
744	2092
2001	516
2427	3912
5147	3462
6575	4306
6549	4084
4875	4000
5663	436
2536	1042
4338	3447
4238	2340
5527	1763
3390	3241
7716	1241
2412	1902
744	2911
2284	307
2722	2382
5987	3464
4911	3534
127	2092
775	2677
2987	1375
7520	540
7220	4302
4397	1996
3273	3638
3260	3241
7651	1936
5050	2969
7778	2092
2362	4422
4700	2126
1791	3197
5920	4000
4773	1596
650	152
2540	97
4767	3824
4951	3972
4438	4422
4584	4548
1899	4496
5268	4504
7010	1521
4868	3196
1624	790
112	2382
6714	4122
1828	350
6141	282
5424	3011
5214	1387
3772	1110
756	3291
947	2024
1898	1373
23	1285
7256	658
3153	3919
1757	2705
6113	4339
7478	3376
5190	4436
3053	3866
7256	1309
1997	2131
681	3150
3382	4422
1921	3401
5709	111
1400	436
3037	2683
7599	1286
2125	595
1495	1348
2949	2299
2722	3667
2824	2883
6050	2443
2365	2881
322	1890
5942	3241
4037	2148
3255	3817
3896	2392
3735	3967
3007	2044
3174	633
6191	3522
1398	2517
2860	4504
1185	570
5725	304
2308	2834
592	421
2793	4122
4511	4422
2296	3845
443	291
7066	522
7442	2019
2536	397
5297	3859
7400	4009
3744	775
5860	4021
7572	3450
702	1580
1001	3246
4892	782
7975	714
7415	1610
8021	1610
367	3787
6809	1540
306	3972
4612	2577
7858	3787
7716	2993
6120	3507
7926	4401
1180	2170
795	189
4892	4432
7314	4491
702	790
1367	1947
1748	2731
80	4756
4767	3896
3568	95
1448	1578
1169	4670
4335	1572
5220	1671
3047	1610
7256	838
656	4383
775	4065
4523	3948
4602	1889
4659	57
1608	3631
6113	117
967	997
3390	4333
1035	3534
168	4029
955	3866
4163	2382
6760	359
2705	375
4700	3948
4165	535
6680	2382
2764	2849
6055	3382
6920	423
582	1367
7871	947
75	3667
98	2116
6376	1706
6065	4324
1294	591
6160	3714
5500	1624
1402	1116
4773	3300
2227	1954
6883	4422
367	2136
5294	1354
6133	3230
7381	45
2340	1578
528	1999
7706	658
7357	2307
1791	1238
6909	2031
6210	3044
3490	1506
4969	3300
1985	4009
3710	3824
6210	4192
1584	1348
2427	1610
2218	2763
496	1945
372	4467
442	2911
306	3077
1169	3866
7092	291
756	2987
3807	1668
2072	2382
4047	2582
5268	4401
6185	1105
6487	3495
4095	3489
1224	4001
933	2311
7871	92
7172	2866
2037	4186
208	1348
5322	358
658	399
3960	3348
1484	3150
2861	3698
7068	3972
1776	1540
7473	2974
1158	187
2083	1644
5159	1348
2416	1869
1440	3535
696	1540
5211	1297
2391	4636
7099	420
2476	4072
4483	3866
7415	1702
4262	2577
116	1332
7845	3399
5220	3667
4364	1507
7170	4744
1948	1348
7494	362
1153	475
757	1179
237	3109
2032	1085
4777	2364
5211	1291
2015	4401
2479	2219
3580	981
5066	28
3564	4024
6473	3664
7651	1300
7491	4553
6756	3478
4238	628
6259	1711
4896	194
1235	945
5717	4584
2222	1902
2013	3241
192	720
2694	4401
5886	2383
7443	3818
1851	4523
2687	526
3217	4674
1649	1355
7875	1999
909	1879
2464	2612
1753	2251
2175	3967
5305	2340
4645	221
6889	1691
7590	63
2186	2659
7552	4744
6121	3638
7041	3241
3724	3175
4599	3267
1922	4744
4152	2153
5221	2464
1398	3446
367	4548
4767	2153
5392	4443
2453	1788
4289	3300
4950	3329
2876	4422
758	1924
1608	2595
7642	2920
5221	350
7078	4401
5973	3300
7357	2142
2363	2023
3529	893
1716	3567
725	1757
7092	4755
2419	4380
5107	931
4653	4091
3512	3569
4777	27
2536	3126
2617	4054
4289	2590
5913	4373
6460	4423
4869	1122
5889	3135
1747	893
5465	2305
610	2070
7170	3811
7285	1825
2408	861
6322	3954
7879	947
1026	4606
7875	3795
1224	4179
1773	962
1036	1122
7707	4000
3745	2041
7707	1105
4289	4589
2856	4422
2427	2219
3940	24
1671	1041
2449	2440
726	1540
8032	417
2212	1373
2546	3489
4320	2484
681	4028
1627	3293
120	3566
2557	358
4123	2578
2441	60
4335	1518
4047	4080
2341	4210
5635	699
4636	1600
3327	3469
7973	1118
7043	2553
7453	1986
5649	256
2211	3489
3490	1769
6075	4122
219	2777
5181	1578
2469	4250
1642	893
1311	3489
4965	4036
7707	1505
5002	1540
1753	2092
6656	1969
2546	427
7973	2716
5191	869
220	3797
2593	2749
6633	3534
2391	4212
5987	2920
5521	3972
933	765
423	2956
7369	2279
1948	516
599	3967
4767	2922
6443	3972
88	2577
6225	562
2363	1348
3521	4017
7937	4558
7834	34
1268	893
1416	2543
7084	3999
1768	1132
824	236
4364	4273
4314	3714
3362	4504
7357	3064
6416	1771
7900	3024
4777	3713
2558	2881
603	350
4471	2092
2511	4423
5221	1954
3874	3442
7448	1447
7735	2565
1838	4422
2520	985
3390	1125
5209	535
7844	1492
3635	2382
7442	393
2860	3300
2272	1054
1057	3580
2048	1624
5413	1803
3893	3742
7644	2131
2365	3373
6273	3338
7092	1646
6382	3871
7871	1773
4298	3669
4819	4465
2492	1309
1169	3521
3856	4423
3619	436
5673	3460
5616	2987
7871	3889
5178	4401
2272	3546
2371	4195
6430	2307
2431	1348
4493	2293
5773	421
2408	1544
1655	4434
5353	3871
1608	3116
4301	1610
3896	3629
2427	3566
7357	1880
7404	4024
1006	1105
7309	831
6575	1730
407	838
6120	4670
6247	3034
7336	4548
5744	46
6315	4540
4825	2695
6205	502
3096	4422
2083	4589
3745	4511
4941	1960
135	3972
7926	2577
5748	2956
3024	4422
1945	3653
1012	3795
4251	3562
6278	3241
4776	1207
491	3811
2795	535
5169	4173
1578	2577
4914	1006
239	2834
3970	1654
926	2873
7858	421
6462	4306
4108	3379
3047	4383
2492	3023
4415	3507
4494	2069
1649	3489
5465	4467
6376	2340
7134	1499
7170	3546
5826	3378
4256	1293
6920	2354
5401	1117
7652	429
1199	1953
213	790
7013	3740
875	1096
5973	3329
1753	3422
4892	3465
2408	4216
1477	1348
4948	1902
5442	2041
4951	4316
4671	1203
3837	874
7642	3821
3785	893
6922	306
4238	1179
6016	4422
2860	375
4711	4345
1495	997
3896	2307
7357	1578
681	318
2817	2393
1689	4449
6825	4540
4810	1348
7381	4633
933	1105
1658	291
7531	2092
302	4504
5294	3477
947	443
2371	3193
398	2118
7884	3544
2506	1610
314	1324
1075	1507
2511	2881
3244	893
5673	2807
420	893
239	2578
3387	1691
7979	1610
3490	4422
7471	2678
1294	1572
7477	1429
1606	1835
960	3567
2666	2265
6898	1594
7494	4548
8021	2273
4314	2530
4257	4306
2365	631
2673	4562
2363	1736
5550	631
5545	1902
4446	3998
2277	3562
7088	522
5169	4422
5030	3936
6462	2240
6992	3710
4150	1540
2272	2487
1471	247
147	3241
4649	1122
3485	1985
7243	765
6214	1252
3896	4717
7406	768
2704	3546
1716	1724
4965	3075
2557	247
407	2270
2462	2340
868	522
6051	4254
6633	4465
7068	78
1916	24
3490	4553
4152	3482
6898	2954
7973	857
3405	3126
47	3026
6848	2658
2277	326
3733	1954
1953	2305
1495	313
4950	4564
6825	3952
2673	4380
7088	3378
3010	358
6656	1373
6620	378
3694	4496
4828	3241
702	930
5489	2763
6898	1917
5405	4467
682	1972
4990	276
947	847
528	3713
1512	3241
7471	3713
310	3498
2065	3835
3179	4173
1732	4158
6656	2299
3612	3241
303	1540
329	2517
6421	3972
7118	4511
2498	326
4612	3160
6113	2697
4777	2695
404	874
1716	358
795	3952
7979	2273
7904	2393
1997	3811
7914	2234
5682	4401
4612	3469
5085	3401
6026	3241
4643	123
5067	2695
6994	3464
2666	324
5947	1853
2955	3546
80	3801
5903	631
1437	2039
909	24
1255	4266
4020	3144
2870	3539
980	893
3893	1236
3896	2148
7360	4674
5278	4422
1970	4548
6464	3615
4896	3794
4364	2705
594	765
7078	417
2222	1945
4440	2362
7623	2163
2764	2542
852	1857
6003	2484
6016	2730
749	1752
5322	3197
6422	4475
6474	2044
2239	4367
5635	399
7937	3300
6502	4422
5899	985
5214	3300
7503	3399
7415	1505
1477	2770
7199	997
6832	2675
236	4186
2231	201
1658	2279
109	893
7064	1644
4020	9
4951	1902
7884	3401
1023	3638
7015	330
4869	1578
2884	1578
5444	3904
7707	4670
4123	1540
2363	774
2362	1803
7871	4345
4653	1524
6934	4422
3090	2163
5795	3857
1655	1224
1032	4751
1962	700
5259	1506
8021	50
7896	3534
1671	2218
1474	3567
2558	4401
6581	2925
1985	765
3959	1594
2272	4001
6794	1324
7301	4178
4875	3021
1295	997
1988	1118
3007	535
2930	27
5829	1624
6620	3857
817	152
4709	244
4869	1499
6327	4000
3019	3088
1389	3065
6908	4122
5973	4744
4020	24
3606	2028
7309	667
14	1553
656	3014
208	3065
1379	4548
757	2131
7778	4548
2540	4079
4649	893
306	616
7644	826
5649	2484
1808	2044
3458	475
5614	1825
1409	3749
1200	2577
3899	1621
1502	1540
2785	2382
1627	1122
2205	4086
3174	605
4213	2940
682	1014
7830	436
1075	3882
2392	475
1812	4250
8021	1348
775	3246
7088	74
1594	376
4152	1593
1223	1934
5008	2333
6210	522
2239	117
2817	3669
7025	2595
1210	2577
2987	2973
5795	1540
2301	378
5067	816
833	1071
571	2577
2296	1437
790	708
3875	2987
1235	475
5221	4367
7170	4562
7520	4460
6643	4023
5879	4562
3896	378
5914	4111
6247	4302
5709	2763
7353	893
4649	475
1627	4423
247	2677
2477	2881
7172	3160
590	535
2553	1139
4433	1759
2775	2119
933	2996
614	1835
5177	3934
7277	421
2949	1857
2365	2921
7170	4159
2383	3530
2466	1703
4810	1102
2313	1600
7068	4422
2742	720
1865	3658
5653	137
2344	67
7691	3534
8018	3154
3521	4340
528	337
4726	3434
1747	595
4643	1833
376	4401
3327	1702
2552	4422
4767	3507
2153	1671
5220	1578
775	2956
2754	1686
5538	1833
5014	1763
6422	116
1916	4422
542	350
7707	2577
7685	27
3490	760
2068	3631
5764	1762
2748	1179
4750	1236
2853	3050
1643	3267
2026	670
7822	2152
4875	62
580	3718
2928	3718
3179	399
2107	1540
3179	3291
7336	2092
5496	3049
6627	1252
6061	1945
752	1578
6804	4339
757	290
2059	1540
7574	3241
2176	4545
1780	588
1835	2402
6814	2820
5066	1236
817	2342
605	4237
2988	78
1685	3196
4165	2148
1512	3293
5127	3197
7758	1610
6016	2113
236	765
4856	997
7707	4122
2666	4562
7134	1588
933	3967
2269	132
7975	4339
3086	3329
2458	2067
2853	816
1257	3160
3230	3534
135	1139
6909	4203
6453	1267
7521	2484
3101	1578
7189	4422
3505	493
3894	406
7099	2059
1916	3614
1610	2328
6498	375
6273	1212
3507	2577
6083	161
4767	1218
2949	1077
2811	4756
2365	2119
1594	2277
6776	314
3521	878
5866	2105
5211	2085
6825	1454
505	2883
7858	3376
7564	3197
2253	3824
273	3329
6464	1954
4844	4676
7709	2678
1985	1945
3390	1105
649	2315
80	3154
5525	3534
6989	1960
3958	2041
3844	535
6680	223
4446	546
980	1556
5044	1505
5294	4450
4335	1616
5658	4423
5082	3656
1633	3241
2860	1327
2492	3246
5990	2947
7656	3120
7599	2131
306	1077
8035	3329
3390	3566
7277	4702
5942	2159
5501	3196
6889	1122
2001	24
7793	399
5363	2092
3896	2987
5465	1779
2859	2675
4384	3399
4202	3664
2822	1717
2909	2763
6458	3541
4384	127
2293	535
967	330
3439	645
5412	2023
3896	2001
7879	2469
6458	1594
1512	1947
5770	1018
5725	3452
4653	748
6534	1135
4721	2219
4757	24
3173	1601
7495	1169
6656	3164
2754	282
1210	588
187	4171
3940	4122
4164	3972
7904	1135
1400	4401
3273	2578
5827	951
3405	3197
3940	1763
2026	932
8027	540
3469	3534
6815	1594
6854	3291
5524	2092
3153	2092
1608	201
1608	838
2394	1355
6633	1224
5067	223
7738	1540
2079	3671
4868	988
6350	4467
219	406
2272	4717
3490	3450
5996	1472
2430	3154
7357	1199
6472	2873
5801	375
4941	1064
1294	31
2391	4523
6575	2659
152	4491
7134	4620
3433	989
765	2577
7599	2770
1672	2657
5046	3011
4951	814
2817	2474
7992	1324
1571	535
2464	605
5246	208
3486	3241
3916	1540
7493	4422
757	2578
4163	358
2558	2299
1047	2200
152	1763
4644	27
967	1236
1524	790
4951	2787
5050	853
3864	378
3838	2577
1698	109
2516	2292
4087	4401
5697	4401
5382	3197
5673	2520
2617	522
6984	821
208	1203
6449	4024
6979	3489
4262	123
2754	765
1715	95
1748	2092
6845	893
582	3273
7357	3498
5214	2677
1908	229
7301	3401
6909	1578
2001	1348
1765	1954
1872	3238
7263	24
2159	3241
5401	1773
1916	1077
3343	3843
4750	1333
2936	24
3490	1139
2657	1616
650	1077
681	3544
4093	2910
4092	1553
2283	2695
3230	1610
2563	3864
2673	2578
1138	3373
7319	3972
1828	1865
7170	3507
642	4756
7256	78
4452	247
2449	3246
6016	3196
2520	3866
1716	3507
434	1179
4155	3507
4844	3450
1293	535
1460	2136
2385	3758
247	3267
5429	4266
882	1647
7248	1392
6133	3866
4115	3952
651	2777
2488	2740
5744	475
2431	893
6871	436
2469	522
2296	3197
4776	959
7520	2881
7227	2293
490	2542
6848	4756
6451	1835
5061	4548
7512	326
7719	1540
4335	2639
7471	4009
7928	3714
702	3014
2272	183
3721	2956
6055	530
5529	1712
4078	1699
7844	2577
5256	3196
3445	2655
7793	4222
6031	339
4110	1739
1748	1007
5840	1855
6989	833
2795	3787
8011	3291
2909	4744
1673	3197
7281	1616
4023	1578
4078	4562
977	4557
5164	3246
2996	3765
5268	3197
6044	4744
3445	3291
192	2763
1636	2362
5452	3285
1075	4514
1293	436
7900	187
4108	1504
2363	1540
1524	2748
3723	4345
6416	2059
1400	4029
7126	2305
1860	3507
7590	3246
2791	3309
6521	4467
1922	1877
6898	2536
7043	1196
7741	4401
7879	4009
5545	1179
1510	3467
4926	2612
1757	4104
5658	4401
6448	893
4184	358
7989	3457
702	3160
2722	3601
7884	3866
681	3267
7449	847
2193	4036
6254	1439
6138	4422
4854	1179
7904	1606
6521	3546
2476	1252
7357	1803
4178	46
4423	1578
2453	3254
367	3837
568	4422
6897	3196
4982	1540
2031	2996
4364	2092
5983	2127
7843	2079
5987	1502
1547	4553
6218	2305
7285	3507
3376	3514
5225	4040
3047	3718
3733	2092
7066	1578
3179	3446
4440	2079
1808	1169
2795	1945
5191	2568
2269	4001
7926	2039
1385	3507
116	623
4164	2738
5214	4358
3643	3260
1313	4690
5294	3664
7623	1540
7014	3241
1997	2920
5294	4727
1117	2956
2309	24
1898	4422
1440	4345
4314	4523
1606	3562
5222	1790
1722	3667
4757	4562
7844	4422
7582	2239
1257	1821
3610	247
3114	375
372	2677
649	3291
2503	4584
2822	2393
1896	1660
7178	3569
7552	2883
1945	933
2099	1438
5717	1644
2469	1355
6430	1540
3469	421
761	1170
5220	358
2754	3246
4004	4159
6954	2085
7884	3872
2639	3967
865	4315
4875	3507
7319	2079
937	1954
3244	1540
6657	1999
93	2148
761	4356
1187	2748
3724	436
5278	263
420	2636
322	3713
4732	1236
2127	4303
6208	4589
2330	3160
2540	1733
2027	3690
116	765
5837	2681
3896	4122
7925	4401
7286	3018
5580	3945
4247	3843
7871	4009
7687	765
1772	2866
2754	24
2475	4206
3744	4744
4300	4467
1773	595
1807	765
6168	3197
5160	1621
2408	2677
1807	2382
6044	4427
6633	1621
757	3667
2079	2210
511	3787
6219	1122
6458	4504
7796	816
1385	4194
132	3307
4700	4756
7870	2632
7413	3373
4289	3631
2408	3300
1570	3999
7871	3567
5662	475
6170	2176
7415	4104
2441	3375
5616	2148
7068	1540
883	4422
7309	1404
1916	3459
6832	2399
5616	1916
3844	4467
4767	3874
5053	893
1398	2883
6437	1773
6421	2362
2391	434
1510	535
2540	3241
6016	1077
4700	4493
25	3615
5614	375
1992	2922
1707	2578
4298	3014
3745	3468
2752	1578
2476	4422
6472	221
7710	4744
2752	2987
453	691
6883	3277
5009	1012
7851	2518
7844	456
5813	4021
2694	1264
1444	4605
4732	2618
420	3999
4438	4159
5082	4540
1735	1835
1495	3075
5576	2683
4257	1835
654	4011
2197	375
6555	4401
6093	2163
7741	3667
6654	3866
6881	2340
7319	3967
3148	522
2161	4345
7092	2087
6768	4467
5294	2131
3807	1096
7477	4744
7243	2382
7062	2577
205	2364
4078	1540
3008	4624
7851	2850
3050	3866
6133	1105
2822	3246
809	2449
169	3740
4728	2173
5305	1105
3512	4511
983	368
2448	4423
6743	3094
5529	1763
4834	4000
6642	535
5700	3839
1978	3367
187	4158
4105	1122
6972	1799
7172	1006
7992	3871
4256	4339
6768	3450
6864	1780
6534	1139
4118	1077
6714	2763
4484	1553
1318	3291
3179	2188
6714	3979
1825	1179
507	3329
4529	4002
5164	3401
955	4449
3007	2777
7256	3186
3148	4080
6464	1891
2073	4756
5717	2922
7256	1540
4726	3399
6055	3197
4471	2250
5085	2577
3976	4744
7843	930
3730	2299
6152	4690
3589	2637
610	2410
1524	3687
2860	1616
1512	985
7897	1568
6756	1531
372	3447
3050	2092
4842	2577
629	2577
6201	3653
4248	1892
2236	3866
7786	1610
4871	4751
3100	2881
7319	3866
7973	2612
6133	3444
1624	1696
2487	3522
6742	4657
5043	4744
455	169
4643	4627
2453	2392
6656	3801
4390	874
5637	4597
2079	3260
3529	2131
4537	4434
1655	2998
4726	1506
1951	1892
7871	286
5008	375
4451	1763
1306	2219
80	282
6135	350
1007	2763
6224	2697
409	256
5030	714
883	3567
2995	816
7746	1813
6909	3469
5336	3811
7412	3569
1916	4632
651	3921
3704	3567
5658	2753
5118	3567
6631	2496
5371	3999
7707	3743
5061	3999
7277	1578
5550	1881
2449	3866
6095	2292
4054	1054
1836	3999
775	4584
322	67
7449	3072
3427	2148
2982	3837
2079	4401
6864	4021
7202	2956
2694	85
2538	27
6121	4714
4865	3399
6067	3450
1216	4401
219	436
578	2677
2914	137
3097	337
5164	4018
7118	3714
1306	2043
6464	765
1255	2578
3376	1005
4307	3534
6898	1535
1939	3065
1773	2131
7871	4533
372	311
6100	1960
4335	2577
2505	3669
6590	3567
1293	4115
454	4335
2212	1122
2581	4389
3745	2299
5212	3972
1163	4028
3821	3566
7319	3009
2464	3154
6453	906
1655	3866
765	3580
1195	857
1869	3197
4776	1985
5164	3464
7815	4023
7769	295
6496	2039
502	358
357	4339
3837	526
765	842
1187	149
2860	1238
1289	2770
2488	4467
4484	1079
7088	350
7167	3562
7413	4210
7937	2059
1198	4202
2987	221
4552	1499
967	24
5008	3075
6656	3857
7653	330
2285	1179
1843	4422
3797	3866
681	3088
2785	2251
5536	4055
2511	24
2362	2029
5614	1071
6273	1041
3127	4467
5764	2965
7205	1540
152	208
6214	201
6909	1021
5290	24
1495	198
8000	2092
502	429
7520	3459
7687	2219
403	968
3691	1556
5886	247
5363	1578
5387	764
1487	4548
1495	1393
6170	4467
6372	3164
6055	4159
3105	1594
3590	4562
2742	4366
7400	3534
7240	959
490	9
4197	3837
3405	458
2928	1446
5082	3241
6889	1540
7973	2219
5537	1110
5043	3866
4020	95
1482	3827
1628	893
1988	375
5545	1196
7319	947
7851	1540
3450	765
3597	2015
4888	2657
2813	720
6762	4422
6347	282
3610	4004
1138	3399
116	522
5951	3138
1899	4395
3230	46
5669	377
1294	3379
4684	1610
3507	1118
5816	4524
2860	3274
1512	4104
6633	3659
2427	1348
2176	2818
4529	3567
1658	3787
656	3411
4251	1373
1294	1005
744	456
812	4306
5988	2251
4810	1879
6478	291
5185	456
6310	60
6141	4553
6920	2484
3269	3233
0	3831
1773	1578
6015	4159
1916	2275
7336	4519
1825	3197
7248	265
1700	1325
1223	1663
6100	595
3875	4422
2808	3615
1922	1236
4047	3521
5305	4458
2545	3186
5501	535
4289	3860
5221	4523
4484	1224
4982	2092
3958	1499
5477	997
7973	137
7442	2219
1075	523
5216	2578
1512	3240
6050	3698
7099	118
7304	1179
1235	3196
1502	3871
1409	4088
301	3507
7623	1270
5223	3246
4472	1105
1012	3241
2795	436
865	4092
7314	2219
7495	4320
6427	1879
1307	2484
1985	362
5218	4475
4762	3615
5387	4114
7925	161
1536	804
2112	4768
610	3571
3691	2275
6534	1214
4843	2265
5545	2697
2639	3562
86	1077
5300	893
159	1635
3390	783
6460	350
1313	2784
395	3507
109	4000
3336	4401
7442	1505
102	3241
4238	436
7170	1067
7345	398
6794	1863
1817	280
5454	3562
5764	4122
2363	251
1876	2969
5353	2867
5305	4594
1512	3291
7988	4306
757	4000
145	3795
1773	343
2441	4656
7819	2612
213	2392
5707	46
899	1203
610	1286
1916	3011
756	1624
6909	3831
6972	1556
6798	3241
6539	4158
7317	4744
4248	2956
5826	1540
392	318
5406	1236
4599	1763
4257	1224
7644	4670
6324	4422
2987	1682
2449	2595
2617	4422
8032	1556
2708	2612
752	3164
7068	3300
3060	4380
1066	2082
7132	4584
5159	419
2655	997
1388	628
1482	1122
7884	4302
6100	1985
1745	1945
1624	808
5725	4021
7902	3464
7586	1077
2083	2512
3415	2440
1773	1600
757	2577
2453	3329
3327	2345
5879	1601
8021	1085
157	2484
4762	3628
7845	2993
3589	3930
7871	720
1047	888
6347	2875
5190	1071
3742	45
2079	2542
1765	1703
7357	4040
4078	4380
5214	1853
3771	2029
7530	3461
1737	4345
1289	3638
3725	1763
1773	4756
6543	2589
5673	1644
7963	1889
3707	782
6170	3241
6254	1324
3439	1348
3076	4389
2162	3170
5951	132
7413	2763
3589	3821
3077	2697
7925	4542
5529	421
4868	1835
6933	3801
2822	3300
5536	187
7248	2153
6589	1540
372	2763
5406	3546
163	3399
6846	267
7879	4072
2222	1542
6103	3837
2593	139
212	1203
7454	4422
420	1954
6848	786
2537	997
3896	888
2363	4001
562	3871
4709	4661
5628	3680
5897	1348
5923	4302
1313	714
4012	3884
2853	436
6416	539
5536	3246
6168	3241
6773	616
4926	1540
1962	837
5673	794
757	2816
7650	645
1872	2118
2795	256
7318	3511
7245	4029
568	2577
2492	359
1165	2558
2242	2484
4725	45
1223	146
3387	3104
3024	1594
6643	1179
3997	3967
6794	3385
187	3972
2469	4422
6898	1470
5444	191
7904	2149
3896	3507
4978	1954
1264	2748
6589	3559
109	4422
4653	3160
7586	3489
7465	1578
4012	3401
924	1252
437	1505
4561	3916
1468	3452
1292	378
702	2824
5154	2578
3007	4339
1313	4122
1655	2159
1985	3638
6235	1763
5973	3498
3007	2983
7318	3566
7413	4467
5392	535
5170	4744
6989	3657
7904	1436
7285	3534
1216	803
8002	3562
4777	2921
7639	247
4238	4659
5616	4661
4164	3808
7381	4703
649	1238
5753	4306
6824	417
3457	1610
5030	1773
6804	2822
1243	3837
7152	3241
6185	3450
1512	1578
2277	3378
610	336
7403	274
219	2655
5545	2105
1624	3373
5866	542
4529	4218
7142	4678
883	2039
112	326
3647	3308
2659	3543
1773	3419
3260	4000
7078	3450
6416	3170
1655	4206
116	4401
1495	1236
6240	4133
2449	1393
512	1886
3076	237
7118	350
2506	3464
2764	1295
2964	132
7872	1721
2383	2883
775	3859
2416	4027
2159	2382
7530	539
7822	4542
6794	423
5500	1696
4700	4159
4161	3197
7172	1726
2894	3874
3702	1578
1570	4070
3260	2342
3387	350
3781	1238
1512	1679
322	4542
6656	358
4438	2305
3743	4246
1992	838
1573	3539
2352	1203
6469	3049
817	3153
5545	3478
7064	45
6854	3912
1023	3378
7644	4383
8024	4401
1916	1699
2659	4273
947	191
4776	2404
1962	1374
157	371
4484	4231
5138	2704
3077	3155
1908	2749
2486	3401
4875	1578
4726	1492
913	1610
1268	3241
2705	1135
1671	2619
7172	2069
2464	4104
1945	1754
2789	1608
5211	3446
5185	3541
1732	419
372	2777
236	2152
5138	1578
4869	1920
3742	475
1444	3193
3939	4523
5792	2358
4020	3133
7547	85
2362	2748
168	535
7785	4422
1047	4423
7265	3291
3047	4203
5221	3871
7989	2484
566	375
392	1324
585	1540
2027	2577
7134	118
1922	874
5611	375
5717	371
1512	4721
7454	3837
7707	4562
5030	139
5205	1505
5837	1999
571	421
7088	3291
1398	2351
808	3488
86	2459
8032	1236
1673	3718
7471	1544
1088	1540
933	4467
7479	4422
367	2305
1257	878
7015	2577
5795	24
5725	4401
1418	3561
4649	3530
1468	2041
7642	2577
7281	616
7652	4422
6255	4748
1948	247
1169	3135
6278	3331
4020	183
4569	3145
6016	2947
7582	3866
7856	3972
8035	3546
4700	3753
2363	667
132	522
1851	3366
7979	1763
4074	2382
1517	765
4767	3338
2511	2530
3896	1202
4951	2573
7655	242
1869	2092
3564	39
3752	4394
5782	3545
4487	3787
3767	2973
109	1950
2408	781
4248	2850
80	4464
2462	2763
5250	3196
1235	2092
4636	1902
2724	284
1181	3446
3833	637
1398	95
757	2148
5159	3197
1673	2092
5902	27
1035	3197
5896	874
1828	1506
6819	456
6044	1610
7547	2998
6909	3464
5637	790
2557	4744
7319	1954
2405	3075
1185	3241
7735	350
3261	3450
2095	3546
6175	3534
3086	2275
2083	11
2540	3246
332	535
7442	958
5792	890
1389	3366
1289	2173
3185	720
1624	3797
2817	4306
1512	3197
3486	765
835	482
3195	4422
7642	3241
7952	874
7599	941
3152	4422
2026	3998
3772	756
312	4017
6464	4523
1400	2484
3589	4734
2277	1267
1294	4339
2073	782
3529	2240
2383	2578
6100	3635
221	2092
372	874
4411	989
7209	1528
47	1540
7060	4744
499	4380
5616	1610
3813	577
1716	1096
3512	3714
6779	3378
4971	4744
7023	3595
1495	3300
7786	493
3997	535
776	169
3879	3196
1807	4523
7403	744
4164	2151
7285	3241
5763	1122
833	3534
5782	3926
3205	4526
7652	4744
4484	790
2391	3455
882	2540
6324	3192
3721	2536
2392	1677
4951	523
6031	774
1142	3863
2735	4067
7454	3566
1107	1593
4289	378
6994	247
5510	3787
7436	3866
6714	838
6185	2577
650	2351
4202	3447
3612	4186
5092	1139
6133	3525
1226	282
1828	838
4700	1295
4150	522
1405	3534
3469	2827
2662	3853
4197	94
1765	1857
8024	1879
6315	4266
5092	4335
239	3875
372	421
2321	1567
7490	3866
6110	2577
4165	4346
3183	3866
7825	2020
328	4001
7248	1096
6016	821
4902	2709
4300	2402
5942	3109
1293	945
5214	535
2272	441
4561	2067
6590	4218
6421	2382
6273	2131
238	4029
6845	2039
6642	1373
6846	2996
5766	3866
5860	2251
2793	3197
5983	2577
1828	4703
1016	4117
1556	3267
7319	4562
3944	3669
1135	878
2722	169
6671	2938
2296	3811
7189	893
4164	2763
933	522
2277	997
238	535
583	2578
824	3267
4709	3841
5442	1578
4065	616
2876	3197
3891	2153
3273	2921
1256	4422
1444	4631
3733	417
4529	4303
6992	1110
3569	2578
382	631
937	1578
7518	3787
2987	375
3114	3138
7132	3215
2383	3291
6715	2039
2722	396
5658	3382
677	3999
3496	78
3559	426
5673	3116
1600	2647
2412	1865
3359	4401
1468	3151
2362	1071
7127	1540
4037	996
4669	67
6154	3241
1828	898
1908	376
725	3246
1112	4423
5614	1105
1692	187
6278	3154
3745	4423
924	1236
3569	2340
7741	1198
7769	765
5773	1359
744	4748
1235	3522
7756	3628
7680	4088
1281	1406
4529	1196
301	1540
6918	997
2392	4422
1997	247
6255	2223
7438	4744
5129	930
2868	1196
2488	3498
312	1375
6376	1013
5126	1139
4709	3498
4868	4401
2026	9
4636	304
6254	2136
7346	4339
5413	2920
1195	3921
1571	3450
3844	4548
6590	358
4926	3154
6898	256
454	1203
1992	1985
5829	861
1169	3422
5081	2219
1169	765
8000	4422
2277	1974
3426	1181
116	802
6472	1763
1578	2148
2789	3246
4238	1594
6982	2280
3735	2342
2540	700
4256	4670
2557	4422
7520	3857
5118	3215
7928	2173
7822	3216
3972	350
6421	3241
1671	2163
1281	4000
667	3049
562	3534
1992	3434
2341	2023
7099	4489
5580	2307
562	893
610	1567
6909	322
505	4605
5673	1996
4238	1902
5053	3567
2549	1682
1980	4324
6376	3329
1600	1954
5164	3871
1876	2956
3521	1780
8024	861
656	2660
2708	3567
1795	861
2803	1387
6909	1603
7309	3541
2724	2239
2770	396
1169	3871
3391	3999
5536	3866
7118	3450
3376	3686
4730	2881
1075	1085
1512	4755
5829	671
2594	3012
1992	1915
1185	2577
7088	1521
5889	4511
5220	1621
654	3165
3559	456
6016	362
7141	1122
4725	1196
2735	2637
2365	4359
1037	4670
6920	1493
6004	1224
1187	3565
1863	1646
7904	3272
7490	2044
4700	2118
4472	3534
7068	3952
4201	4306
4951	2827
1512	816
1655	1954
230	2780
3752	1945
2870	1196
2488	4462
4653	1252
1009	4177
757	3011
7243	3567
236	2948
790	930
5773	1436
6967	3021
7900	558
215	1129
5268	2021
5067	2280
1117	4067
5357	2474
6806	616
4340	844
6881	378
2272	3979
2662	137
2391	4117
837	1203
1189	3507
6581	2478
6586	4000
7741	2887
37	4395
2659	4496
5704	2577
926	27
2170	1578
4649	4239
1012	3378
6327	4122
757	4308
6214	3446
7316	4346
1226	1835
1992	3431
3893	3399
1908	252
1916	1117
3122	3443
5727	493
1112	2487
3173	3196
1362	3827
744	726
7346	3952
152	707
7651	3280
4874	3367
7404	1601
169	501
2949	1808
496	3135
6015	375
3030	1719
2205	2002
7897	2763
835	782
1400	898
1257	3385
2666	4401
4561	2451
5973	169
3503	1553
223	77
6757	1373
5190	3272
7256	3467
6458	24
7415	893
1361	2159
7547	3963
14	1896
7442	1624
1606	3669
3007	1505
837	3196
4592	4422
2253	3857
5375	4022
5128	2308
5008	570
2868	3160
7937	1324
238	2578
6254	3687
4108	4086
7442	1492
5907	2273
2742	4744
2486	3656
6388	535
2511	2101
7520	1945
3947	3857
1487	1763
5105	3012
5549	2131
1916	1879
5854	2067
3047	4104
2506	4024
5837	930
3703	3507
865	1578
7494	1954
4941	3072
4965	3561
2708	3667
4709	1765
3530	1996
3507	2092
1257	3073
2617	1610
824	3847
6039	3267
7865	3972
2233	1139
7066	3291
7041	2333
6920	31
1482	1139
5905	3522
3534	2578
610	2219
1725	417
3589	2875
6416	3197
0	3972
502	4467
1125	4086
7014	3009
239	1996
1181	3305
5300	330
4471	1578
7871	3031
6846	4159
1532	421
6247	1594
1035	535
3419	3664
2095	139
7369	2335
5526	3298
2925	247
1876	4422
1655	1974
2073	3972
372	4072
5044	930
238	1254
5649	1588
1346	3983
1142	2023
5923	1077
1385	3329
7002	2783
7084	3241
3340	3534
2977	1327
7595	3104
6898	1578
6706	282
2183	4751
5545	3049
1970	3866
5220	4548
1865	1993
6421	223
5662	1954
5278	3534
6749	4200
5190	350
2205	4
3179	3404
4892	109
1567	3498
4188	4659
2383	950
5152	2113
4238	1610
2553	1429
7456	3534
2793	375
2975	2071
6460	3901
5290	2655
1439	874
7099	658
6862	3516
1765	4542
300	4122
6284	3852
4762	2152
7753	2092
6881	1610
2648	4670
2860	4022
5750	421
1570	3713
1414	899
7884	3667
583	2677
4178	2092
2031	906
4998	3197
4511	1110
1293	4702
2761	1902
6543	2325
1379	4542
6350	765
5294	4389
5461	2920
6794	4744
3743	1118
6779	1736
5792	2159
5133	4519
4992	3507
817	247
7442	569
1916	1503
5987	1224
2206	1902
1361	2392
1624	4001
5899	775
658	682
2431	4467
7203	2067
2089	2577
2175	4068
7474	2342
841	4465
6798	1355
7471	247
3362	4422
6418	1544
5294	215
4863	4311
2540	3385
6832	3967
984	1077
3587	3972
7871	3259
109	4748
2391	2881
4750	3489
5031	1711
7547	4546
2430	997
3028	8
2673	2881
322	1954
5657	4562
3953	1681
3060	663
5031	1931
4172	1540
5616	816
5792	2617
2408	3811
7900	3534
2087	2223
2159	3534
7825	1879
2391	1071
2103	1139
4896	4339
1495	3450
5053	1179
6235	691
7884	2299
4762	3866
6254	1575
6322	3235
924	1203
1468	997
2393	947
4950	3154
7018	4401
4947	3018
1446	3457
5138	2577
2186	2973
4889	3246
4950	2542
5488	997
4569	3154
1743	3566
1518	3562
4249	893
6200	152
7871	2223
7346	421
5844	1122
2373	2131
4539	2748
6334	3534
7552	3787
3390	1619
5305	647
6168	3534
6327	1505
2593	3152
367	3818
7756	1566
5770	4467
7301	4523
6633	4422
4767	3960
8021	4061
1066	4195
5294	1406
6707	2362
1518	4422
1495	1902
1748	1857
6909	1759
1587	2578
2648	4423
967	4104
1331	1373
5221	625
6672	3126
2476	2484
1773	2092
3896	4195
5461	442
7013	4440
2391	2391
7973	821
3702	2956
5179	330
321	1196
6581	1348
8027	1578
1289	3714
323	4043
5913	2105
1649	1945
5821	4212
5529	1203
1558	3197
924	3507
359	2577
3980	2881
7353	3507
370	1945
80	1802
247	456
4435	1902
4149	1348
7896	2275
2439	1734
4725	838
4164	4768
4644	3452
1495	4670
7017	2142
4202	2911
757	3018
7189	2748
4553	3569
2789	1540
7928	4239
5537	893
3940	4054
775	2850
4902	1802
6350	2730
3772	2519
2429	4021
4494	2334
2928	2913
4498	3837
6100	1996
0	4670
3964	1947
1671	4475
5290	4582
5067	1759
2027	1703
1235	4405
2511	3246
2284	1540
775	493
80	906
7741	1135
6100	399
6979	1954
1954	4548
2754	326
1608	2589
4632	3999
757	4122
434	3562
6656	3714
157	4553
306	1447
488	2642
5185	4497
3521	1839
2546	4068
2408	2215
6179	3450
6243	1540
7530	4603
5550	3718
2293	1835
7979	950
5545	295
7360	3544
5725	700
6259	3175
4711	2382
5455	1954
152	587
5170	726
7088	1566
2458	2293
512	40
5623	248
3854	1540
3564	1693
5129	893
7973	2577
6922	420
3390	2251
1289	1105
7758	3686
872	292
4249	3511
2995	2577
5297	1759
4689	2956
1795	3804
4183	2578
1510	2577
3530	3999
2881	1135
420	2763
3284	3175
6460	4009
2087	3300
4466	67
903	4024
6575	3454
7357	4153
1398	3019
2841	4021
909	2987
6075	883
478	4562
7243	535
6341	3837
3065	419
3148	2180
3500	3878
6613	4422
6340	3667
6642	4422
1628	1105
7189	1952
3387	3153
7871	1699
5827	1313
7822	1667
6494	4422
879	1072
1361	1902
164	1499
6862	1626
5550	535
1777	456
2352	2532
4150	3972
967	1540
4251	3291
7411	4024
3753	375
1671	4001
3613	417
247	2044
2277	3827
7595	1502
1512	1555
4020	3562
398	1766
1311	1610
1442	3507
1281	2142
6864	3698
924	3450
1364	1105
649	3740
2980	3635
5536	1355
7493	3871
5281	4562
1199	4523
5844	208
1624	3823
1608	1952
3433	3366
2503	223
4494	3175
4125	3233
7256	2763
2025	2365
6214	546
6568	2577
1200	378
4700	1283
3281	1540
6654	1455
6788	1610
1624	4562
1896	3967
1420	1997
3077	3615
6576	1566
3589	2223
1468	3291
6259	3562
6742	1924
3096	290
7508	2681
2795	337
2026	1855
7832	3281
5942	769
6214	1196
5863	3120
7043	3547
571	3657
2824	2520
3771	1842
3530	4665
6732	3452
4335	3863
7654	4373
7301	3999
4330	3795
1636	3713
7471	4266
4539	3267
2363	2251
2975	4339
5042	2092
3647	1879
4767	1644
4902	1621
1471	3534
1992	4553
3896	893
2488	1373
6219	2577
3635	1357
2362	4744
4672	2740
2305	1085
4178	3241
5899	888
3260	1891
5737	2484
239	4633
3558	1681
420	3871
1722	4380
2427	3562
7973	157
3171	2041
4962	2402
7474	242
237	3241
2296	4467
7293	2996
6714	2311
5872	2382
5221	2092
3390	1236
7319	3320
967	2943
5406	189
98	838
1484	3836
1571	4000
5570	4422
1016	790
310	40
4350	2250
200	2740
4411	862
2121	3450
682	1575
1138	1118
5707	2092
3122	2184
7938	223
875	2153
6031	3018
247	4467
2296	1476
7843	3291
3844	3866
865	4394
6075	4744
4710	2035
5160	4029
7316	535
7756	1113
2795	1212
7474	263
2392	2540
1972	997
5525	3165
2701	1798
4512	535
2321	821
6359	2092
424	350
1638	1540
4330	3534
4320	1505
4172	2372
4355	487
2659	1307
3772	4484
7644	1373
1477	684
7871	2730
4020	3829
681	2407
7879	1241
6478	4605
3376	588
1753	3521
4700	3764
2789	2784
7442	1077
6075	3021
1075	1835
2344	612
4020	2677
4358	4458
1524	2159
1851	4401
7017	2094
2096	2305
4155	3075
2659	2403
3647	1760
4118	3999
554	1014
3521	18
4494	2987
4350	3567
6915	1879
5545	3193
3859	4422
1780	3753
7134	2577
5488	1540
6460	3871
3643	3291
7092	3556
3127	1717
1700	1902
5987	24
7256	3889
442	3444
852	362
76	1999
5211	2674
135	3143
3589	199
1875	2484
4776	3896
6402	4001
2277	1954
1916	2577
4888	546
4363	1348
173	436
4700	874
909	1953
1468	155
4700	595
3610	4401
2853	3972
3217	1805
1962	2273
2464	1324
6218	77
6084	1566
2476	4326
2391	3164
2581	3534
7989	292
1327	3329
2808	4040
3308	4364
1257	542
7904	3967
4926	1835
3752	2578
5537	1283
2296	1073
167	3628
4909	3200
6347	4422
5221	3189
6103	1492
3004	1238
4095	274
6043	2530
6161	3324
610	118
1361	1624
2083	4478
7442	540
7170	3197
322	837
6908	2655
654	375
1235	2612
7015	2382
4065	2277
7834	1565
2344	2313
3745	1892
2657	3452
7857	1544
5833	1540
247	808
5750	3450
1256	4339
7719	3507
6051	1610
276	2577
4730	2219
7532	1803
1409	4682
1035	4467
2206	3740
8035	821
6756	1566
3442	4523
6864	3298
924	95
237	4449
4721	1593
2593	24
1865	3077
2026	3752
1748	2131
796	1849
7651	1644
3787	3561
5611	816
2430	8
2694	3999
865	1224
3527	774
2581	755
5838	714
7078	421
5974	4401
7354	3400
442	628
2462	2092
2593	941
7301	1953
1811	2476
4777	754
1807	801
191	3329
8011	2219
3512	2881
6133	4548
7256	68
2073	2484
2987	370
2437	2299
2667	4021
6768	4371
4869	4422
1444	1203
4539	816
2987	4553
757	1759
3343	1954
4600	3196
455	247
5946	3214
7973	4751
4123	3255
4750	3293
2742	4669
3260	1566
2427	4345
2391	2429
7742	1356
4561	4206
2455	4422
5354	893
7900	3628
1437	4484
4426	1400
5305	1763
7716	2278
1945	2577
554	3210
7843	1293
1765	906
7871	4212
6259	838
817	3282
3935	4251
5550	2415
6501	2180
7754	4114
2121	1102
835	3507
4995	3153
3086	3450
4161	4212
7810	2577
8035	421
5614	3450
7754	4122
6201	1179
1210	3522
3894	2092
6765	2965
5220	1759
6121	1853
6300	3450
5127	1285
5954	475
1985	2469
4858	4751
7494	2219
359	1110
7406	2577
824	3088
1567	2987
2048	2748
2980	4493
3893	3434
7741	1601
3179	423
1361	3713
2808	1285
3273	1025
7778	4422
5039	482
2663	535
756	2079
4710	2921
1257	4498
1075	3067
3237	3329
5889	4523
7172	3298
7642	3667
1181	1476
3935	2038
305	436
1385	4021
6656	1953
3894	2067
5085	358
3405	782
5082	2430
5294	2883
47	40
7357	2012
682	2382
2391	3459
1017	1855
6854	605
6300	4122
984	1699
7151	3972
7996	1139
5067	486
5128	2311
5914	3943
6218	326
1790	282
1117	375
7216	1578
2666	4358
6880	24
1200	3859
14	3142
5653	535
322	4546
8036	3401
7170	1566
47	137
2083	4719
3273	3871
3742	399
5611	2061
2475	3740
2838	1699
3271	1954
2001	2273
7319	1610
218	2043
1223	1610
236	1067
2928	123
1743	3571
3612	3291
4561	3513
2853	1085
4096	2920
3896	4519
192	3562
4896	1688
4530	4401
5637	4755
4728	4460
4335	378
6642	997
7566	4114
2998	1105
4529	3874
1444	629
1468	522
6039	3954
4724	2848
236	1699
2031	4548
2371	4700
7979	2573
2648	236
4074	378
5516	3300
3893	3300
7381	109
2698	4444
3486	3534
2453	4203
7554	3638
116	3999
94	3450
2618	997
3735	3329
8024	947
2703	893
3230	1540
3376	505
4767	358
752	4009
3507	1096
6254	4423
2392	3929
2811	1540
3724	1273
7411	4301
3874	774
4096	945
1494	1540
6714	1750
2058	1540
4869	1835
7319	4548
6016	569
7277	1644
3647	2184
5801	535
7854	3534
7971	2506
7520	1566
6534	765
6848	4024
5137	4000
3589	3399
4619	3866
1836	4339
2593	4674
5658	24
2291	1077
4492	2092
3109	4423
2762	4749
4951	4049
6642	3399
6448	1404
3105	1481
1922	1190
7904	161
4998	4273
1199	947
2928	3077
2868	1990
7256	3498
6798	2600
1024	2573
1571	3653
5138	989
5550	4303
1987	3982
1318	1640
3721	2357
5525	2151
5829	2351
3421	2020
7170	2763
5550	82
4520	535
4724	3281
5872	3246
702	2746
1748	3857
756	4562
4238	132
6055	2763
7319	33
2486	897
7586	242
2486	375
3019	1389
8011	2577
1009	2748
3171	3246
6434	4345
7068	1702
3327	3948
5067	2025
7066	27
7167	378
2001	139
3244	57
2269	3267
6909	1309
4700	760
2121	2784
3148	2257
2476	997
2073	388
247	3196
1256	2092
1873	3615
344	1564
5190	3293
5185	3095
8024	930
3733	305
302	3196
2558	333
752	2039
3261	3999
6642	493
5305	1355
1997	4542
6113	97
6568	3197
2764	4311
2001	742
6972	3795
367	821
6898	2677
973	3714
1218	1855
236	3241
2408	4159
1700	2393
5845	4122
2469	4335
3217	2519
1638	3507
6881	4422
3899	1121
1689	4702
5913	3667
5294	3843
4992	4519
3558	4744
5444	2732
8024	3740
7170	1578
238	2881
1748	765
499	4511
2976	1373
1875	1505
3965	734
1992	178
2477	1071
3209	3597
4969	2251
1624	436
6443	3740
4732	1857
3148	2612
756	2770
2687	161
1291	3173
7454	229
5211	4324
2344	2880
4700	3729
4926	930
1107	4496
7988	3401
5118	4299
5214	3197
4869	2987
4037	1954
4213	1333
1948	1105
1036	1763
6825	4346
3255	3629
6376	802
2079	3714
7712	2987
1608	782
744	2763
1948	4584
3390	3963
2308	27
6814	3568
4411	223
6055	3399
6246	535
3647	2454
2817	3787
1791	1540
4689	1879
5783	1468
1524	3569
6170	1761
6944	760
5653	3281
4411	3197
743	2092
6955	378
4159	981
3258	997
6804	1125
2516	1039
1748	4670
1549	985
5611	997
7798	1759
1216	1135
1747	45
5224	3669
116	2382
6714	583
795	2568
4335	4158
6453	3534
2455	2956
5191	1355
7285	1492
5829	3272
571	4045
7442	1902
1311	522
2026	1474
1117	1594
2449	1348
239	198
7892	4497
1414	1881
407	1835
7651	1506
2949	1566
682	1886
2206	1071
1444	375
2694	1954
7286	3601
7900	2913
1244	2827
542	4401
2026	4043
3325	285
2987	2595
7442	947
1876	2092
7938	4554
3959	475
5667	1285
3844	4159
6757	4341
867	4422
4990	2875
6218	1610
424	3197
6502	3967
6707	714
4020	3544
2222	4422
6055	3698
713	1610
1671	3246
2789	2956
583	3478
5795	569
1153	2219
5673	3565
3807	2180
4762	1071
1379	3241
80	3385
6845	358
7691	4401
372	997
960	4642
5537	3241
2126	358
7189	307
1005	3291
7172	4171
3343	2299
0	4627
933	4022
3680	2577
2655	1646
2365	1373
5744	802
4183	1077
4743	3713
1256	3373
4465	4122
3266	4405
590	1169
5792	247
4213	2402
3453	3713
2175	350
4998	2039
1361	4594
4020	4298
3244	2043
4777	2219
6254	616
1459	4562
7474	720
1655	1879
6084	1067
359	2543
6909	3109
7935	3450
1979	2054
2284	3669
6893	3246
4190	3912
2961	1954
6255	4345
1075	816
3086	3241
3807	3711
4074	4519
7442	3205
7245	3281
7043	838
4419	1790
3524	1321
4836	821
6589	3787
6133	1110
5169	208
2371	1892
5134	3246
6422	2970
239	4665
2272	3404
1495	4491
5550	4273
2431	1528
933	4422
6113	3152
3241	1192
496	3534
7494	4401
1916	3241
767	4122
6794	399
1333	3714
6922	2595
1163	1218
743	1511
5715	2219
775	1540
5903	1390
6300	1513
7256	3067
7879	2219
1437	2683
3376	715
3439	2173
6200	399
571	959
7010	2763
2537	1540
3047	2763
1047	1601
5128	2023
6972	1686
4777	1324
5164	3669
2277	1540
3725	4449
5075	3291
3179	1016
6214	4579
2175	3464
3947	4423
1026	1313
615	997
6350	3859
2196	3246
7092	3246
2464	1879
2793	4309
1781	2352
775	4122
7925	74
7281	4022
860	4218
2795	522
5887	4159
7454	1019
7631	865
7099	2094
4658	284
2520	1610
3558	3847
4077	475
6898	4072
7907	4423
2408	2637
6633	1505
5010	248
1281	2299
7973	950
6422	2697
6590	3464
5387	3559
7099	1507
2639	4009
775	3144
7871	4160
3341	375
2368	861
505	3110
2449	3628
3935	2643
6370	3866
4875	1135
1448	4422
3944	15
1172	4756
1440	3747
4364	4339
2710	2730
1716	1348
1313	322
236	4674
3971	3401
4486	4467
5072	2303
2095	3874
1512	97
502	475
2492	375
7135	1601
109	4562
6247	1699
4561	2250
1138	821
3893	3328
757	720
559	265
1997	1610
6909	4425
3047	4308
3947	2881
5550	1702
6160	221
4649	2763
2961	2265
2205	2773
973	2273
1627	3967
4930	3291
7195	3170
7316	2484
7595	501
1512	1252
6347	4467
647	1373
927	765
625	1139
6100	2873
7135	997
2205	498
6160	3450
7357	4266
1997	3566
2644	3065
1704	1324
2359	1540
4049	4422
1409	398
7973	2920
5246	139
6138	555
651	3831
4941	4159
102	2881
2527	790
6462	3371
5906	1096
4335	161
2735	3197
4020	2748
1702	2987
1851	1077
6589	4467
4335	2159
1135	3753
6469	3971
7297	3075
3967	803
1544	3921
4165	893
2593	3300
1916	3628
3060	4562
5087	127
1655	4674
3503	1516
231	3488
1704	3197
4636	2753
5294	2357
3723	1105
681	927
3967	3399
3294	2035
4322	4423
7472	896
4012	1505
1705	2018
7404	2921
64	710
4020	1798
1971	893
7825	4212
7415	169
7623	1566
7992	671
6464	1105
2659	3318
2272	3022
6254	2173
3689	4072
7041	3011
6121	3009
5392	282
2764	1780
6222	1958
2546	3274
2653	1300
6642	3787
5051	1945
756	326
7623	2357
2449	3522
6862	3992
6416	2382
490	708
7858	906
3238	1139
1455	3241
4335	2251
2861	2612
4256	1357
6015	2681
6563	1179
649	4686
2027	1105
4658	3522
1971	3241
3006	1110
3733	4422
3589	3873
2296	3065
7189	2484
3047	4748
5164	1169
1187	2866
2536	286
4123	4159
3875	247
6715	442
7845	3268
3232	3011
7896	1790
7147	893
5363	2519
1477	1935
192	2657
6534	4729
7870	4687
7435	893
1606	4542
7277	258
554	3841
579	831
1996	4491
2239	1507
3343	1699
6656	2362
192	4720
6437	861
1985	3401
5524	2748
6103	1729
1066	378
4726	2966
7314	1324
1495	2151
656	1361
7650	2577
1997	4405
2476	1540
372	1556
4926	3291
2563	3241
1992	110
4238	1759
2667	2987
3232	3967
1997	77
615	1540
4314	4187
2793	3521
4666	3693
650	3164
610	2152
1978	4511
3510	1077
3257	3488
6422	3196
1281	1071
824	3824
5545	3385
5798	2577
3530	1794
5390	3971
2469	1007
3696	3564
1627	1355
4649	1793
3390	3714
1655	147
5781	350
4285	4467
1163	3135
960	1018
1321	3300
7260	3397
7471	3259
3772	3804
5896	4043
4248	1596
5934	4467
5444	4029
1235	3241
4438	2697
2412	375
7822	242
6082	1954
4717	685
168	632
6501	4306
2205	1302
6427	4744
1988	4460
7825	3489
3076	4070
5169	4043
7884	1324
4649	3972
5139	3241
5465	4438
7851	1902
7992	3450
3405	1702
5159	4690
8036	2092
2486	4401
5997	4547
4529	3385
3577	2681
1826	4498
2718	237
7212	4423
7878	542
3813	378
3264	1540
6247	1540
8032	3507
4721	3967
824	8
3893	1711
3419	1853
1398	1702
6794	1578
7644	2850
3007	1085
3325	1179
3469	1575
6039	3450
835	27
4238	2920
752	3660
2532	1902
372	2856
1515	2624
1288	1122
5614	3489
6084	790
6762	2105
3787	4485
1409	3452
239	4379
7189	68
6044	3399
6698	4670
2439	3011
7415	1506
2449	997
3677	2219
2511	2443
6814	1196
2677	2655
3284	3411
247	4670
4289	2296
6247	421
6643	3018
1945	1102
146	683
6883	3197
4684	2484
1705	4438
7503	1584
1400	3569
1570	3664
4220	4189
5220	378
610	4434
865	2761
821	2697
7786	487
5653	4422
5488	1902
2475	2219
1405	4557
3264	4422
6179	4744
2172	1577
7367	2908
7595	1505
7973	3197
3427	1122
5429	2660
7336	2051
1338	1578
2103	3291
6534	4091
5860	2577
2540	1754
2540	3562
7088	1857
5500	3197
4777	4550
6922	1122
109	3044
7520	1699
1772	2809
3088	1594
6315	3329
5383	2883
322	4401
7243	2577
3485	388
2536	1939
583	3615
3896	2273
924	2005
2412	3921
5750	1594
4875	2784
1624	1241
6505	378
2340	421
758	1374
641	1624
7547	3272
1439	666
3894	4401
5214	4433
852	2948
2914	4389
4397	591
6809	4744
1584	3241
5429	4367
7975	1605
605	421
367	3189
5750	436
2391	4484
2988	2577
4096	29
3216	208
4700	3693
7258	4212
2880	33
3967	3300
6376	3218
6278	4727
2488	4434
1009	24
5067	4159
610	3308
1899	1101
7654	2763
5268	4548
5913	4295
6804	2268
5614	3138
6566	57
4726	2153
7503	2883
4298	4633
571	782
1400	1594
1257	1711
725	4744
6483	3660
157	3837
2687	1646
3382	4023
2083	1847
5191	1954
4074	1252
1828	267
2600	2223
5550	878
6804	3197
6065	4485
6254	3464
7243	239
5164	1505
5214	3049
2682	3450
5465	1835
2682	3520
1272	4373
7190	1179
765	2875
1477	893
7192	1999
3733	3739
310	3145
3558	1410
6654	893
3664	1505
7068	2293
4750	3328
715	1324
642	4498
5529	2577
5782	1763
7552	1803
7285	4562
7189	4408
6075	720
237	1033
3308	1471
6914	3667
4965	4751
4074	1493
7170	821
7935	4345
1765	1953
7285	3967
7256	436
5008	1072
1833	3567
6347	1763
960	3246
1704	997
1005	4519
6055	1373
2527	1085
4649	1663
1163	924
4772	2382
5707	3669
372	2695
4762	3638
1849	2033
2987	2459
2639	4401
996	1540
5965	3817
2840	3196
2477	2730
6671	208
3479	4372
7319	15
5525	4519
23	893
2345	816
4128	3426
1722	1499
7240	4090
4301	3912
7017	2124
5429	4482
4767	1616
3516	1646
1321	2366
7735	3546
372	4073
6254	3811
3878	765
1996	48
7834	4002
