1
6
7
9
10
13
14
18
19
20
21
29
30
31
33
36
39
40
42
47
49
52
57
66
71
72
85
88
91
93
99
104
105
110
111
113
114
119
121
123
135
137
138
140
141
142
152
154
155
156
158
160
162
165
167
168
171
176
186
187
188
189
191
192
193
198
201
203
206
208
222
227
233
237
238
239
245
247
249
250
251
253
260
262
264
274
278
282
283
285
288
298
304
307
308
309
315
317
320
326
329
331
333
334
335
339
346
353
357
358
361
364
374
376
382
383
385
386
394
395
401
403
407
413
415
419
424
430
433
434
438
439
445
446
447
449
451
452
453
455
459
465
467
470
474
475
482
484
486
488
491
498
502
504
510
511
516
520
523
525
526
529
533
541
544
550
557
560
568
570
571
572
573
574
577
580
586
589
593
594
598
600
604
609
612
619
621
624
631
635
636
639
640
642
645
647
648
652
656
658
659
664
665
666
668
670
671
674
680
683
691
694
695
699
701
702
705
706
707
712
713
721
730
735
737
742
746
760
763
768
769
770
771
772
773
774
776
777
778
780
782
787
788
801
803
806
809
815
817
823
825
829
831
832
833
836
839
840
841
844
858
862
863
864
865
868
872
878
879
882
887
890
891
894
899
903
906
908
909
910
915
918
920
922
931
934
936
943
947
949
950
952
954
955
956
958
959
960
962
966
967
968
969
970
971
972
973
974
976
979
982
983
984
988
989
990
992
994
1003
1006
1010
1014
1016
1018
1021
1022
1028
1029
1030
1032
1033
1035
1036
1038
1039
1040
1041
1043
1044
1046
1048
1049
1050
1051
1052
1053
1055
1057
1061
1062
1063
1064
1065
1066
1067
1068
1069
1071
1072
1073
1077
1080
1081
1082
1088
1092
1093
1095
1098
1104
1106
1111
1114
1115
1116
1117
1120
1122
1123
1124
1129
1130
1131
1132
1134
1140
1143
1144
1146
1147
1148
1151
1155
1156
1160
1162
1166
1168
1170
1171
1172
1193
1194
1195
1196
1200
1208
1209
1211
1213
1215
1216
1217
1221
1223
1227
1228
1229
1230
1231
1234
1235
1239
1240
1241
1244
1247
1258
1263
1265
1266
1272
1278
1282
1287
1288
1294
1296
1298
1299
1300
1304
1305
1307
1308
1312
1313
1314
1321
1324
1328
1329
1330
1331
1335
1336
1337
1341
1344
1346
1347
1348
1350
1351
1352
1353
1354
1356
1360
1361
1366
1367
1368
1369
1370
1371
1372
1374
1377
1378
1379
1380
1382
1383
1385
1388
1390
1391
1394
1395
1398
1403
1405
1406
1409
1412
1416
1419
1422
1425
1428
1429
1430
1434
1436
1437
1441
1442
1443
1449
1451
1453
1454
1457
1459
1464
1466
1469
1474
1479
1482
1493
1494
1498
1500
1501
1504
1506
1509
1514
1515
1525
1530
1537
1540
1541
1543
1546
1548
1551
1552
1557
1560
1564
1567
1568
1575
1577
1580
1581
1582
1583
1587
1588
1589
1590
1592
1593
1595
1597
1598
1605
1607
1614
1615
1617
1618
1626
1627
1628
1629
1633
1640
1642
1650
1652
1656
1661
1662
1667
1668
1672
1676
1677
1685
1687
1692
1697
1711
1714
1720
1722
1723
1724
1730
1732
1746
1749
1750
1753
1755
1761
1766
1770
1772
1773
1774
1775
1777
1779
1781
1783
1784
1790
1792
1794
1797
1799
1800
1804
1805
1809
1810
1811
1815
1818
1823
1826
1829
1835
1844
1845
1846
1850
1852
1855
1860
1862
1868
1871
1872
1874
1876
1890
1891
1892
1897
1901
1903
1904
1906
1909
1914
1915
1917
1918
1923
1924
1926
1928
1933
1934
1936
1937
1939
1940
1945
1947
1950
1952
1954
1957
1958
1964
1966
1967
1970
1975
1976
1979
1984
1985
1988
1989
1994
2000
2001
2005
2010
2012
2013
2014
2017
2018
2019
2028
2029
2030
2032
2034
2037
2045
2046
2048
2053
2056
2057
2060
2063
2064
2065
2067
2068
2069
2070
2073
2074
2078
2079
2084
2086
2087
2088
2092
2093
2094
2095
2098
2101
2103
2104
2105
2109
2110
2117
2121
2124
2125
2126
2128
2130
2131
2133
2135
2138
2140
2143
2144
2147
2148
2150
2151
2153
2155
2156
2157
2160
2162
2163
2165
2173
2179
2180
2181
2182
2183
2184
2188
2190
2191
2199
2202
2204
2208
2209
2210
2211
2215
2216
2218
2219
2221
2223
2224
2225
2227
2231
2232
2234
2236
2237
2238
2239
2240
2243
2246
2256
2257
2258
2261
2263
2269
2270
2276
2277
2278
2283
2285
2286
2290
2291
2292
2296
2299
2301
2302
2303
2306
2307
2308
2310
2311
2313
2314
2316
2317
2318
2321
2325
2326
2328
2329
2331
2332
2334
2337
2339
2342
2346
2348
2349
2351
2353
2354
2356
2357
2358
2361
2371
2372
2373
2374
2378
2379
2381
2384
2388
2391
2396
2397
2398
2400
2406
2409
2410
2411
2412
2413
2414
2417
2424
2425
2426
2428
2431
2434
2436
2437
2439
2446
2447
2449
2456
2458
2459
2460
2463
2465
2469
2472
2473
2481
2483
2489
2492
2496
2497
2504
2505
2506
2508
2514
2515
2521
2522
2527
2529
2530
2534
2536
2537
2539
2540
2541
2543
2545
2548
2551
2552
2555
2556
2557
2562
2565
2566
2567
2568
2569
2570
2571
2573
2574
2579
2584
2587
2588
2589
2591
2592
2593
2597
2600
2602
2603
2605
2606
2607
2609
2612
2615
2619
2622
2623
2624
2625
2630
2631
2632
2634
2637
2639
2640
2641
2642
2648
2650
2651
2652
2654
2657
2658
2659
2661
2662
2663
2664
2666
2671
2672
2681
2686
2687
2688
2696
2698
2700
2712
2715
2718
2719
2720
2728
2729
2732
2733
2736
2738
2739
2741
2748
2751
2754
2756
2757
2763
2766
2770
2772
2784
2785
2787
2791
2793
2795
2801
2804
2806
2809
2810
2814
2817
2822
2823
2826
2828
2831
2837
2838
2840
2843
2844
2849
2850
2852
2855
2856
2866
2868
2872
2873
2874
2877
2881
2885
2891
2892
2893
2895
2899
2904
2905
2910
2913
2915
2916
2919
2923
2924
2926
2931
2933
2934
2935
2940
2945
2946
2947
2948
2949
2950
2951
2953
2957
2959
2961
2962
2963
2964
2966
2970
2972
2974
2977
2979
2984
2989
2992
2993
2995
2997
2999
3000
3001
3002
3004
3009
3011
3016
3017
3021
3022
3035
3037
3040
3043
3045
3049
3050
3055
3056
3058
3059
3061
3068
3070
3071
3073
3076
3077
3080
3082
3084
3085
3088
3089
3090
3091
3093
3094
3102
3103
3104
3105
3107
3111
3113
3115
3118
3122
3125
3127
3128
3131
3133
3135
3136
3143
3144
3147
3148
3149
3152
3153
3154
3156
3158
3159
3162
3166
3167
3169
3171
3177
3178
3182
3185
3186
3188
3189
3191
3197
3198
3201
3205
3206
3212
3213
3221
3224
3225
3227
3229
3230
3231
3233
3234
3237
3238
3241
3247
3249
3250
3251
3252
3255
3256
3257
3260
3261
3263
3268
3269
3272
3275
3278
3281
3282
3283
3292
3293
3298
3300
3303
3305
3308
3310
3313
3317
3320
3322
3324
3326
3328
3329
3342
3343
3345
3348
3350
3352
3356
3359
3365
3368
3369
3372
3373
3376
3377
3380
3383
3385
3386
3389
3394
3395
3400
3404
3409
3411
3413
3418
3421
3426
3431
3432
3434
3439
3440
3444
3445
3447
3448
3449
3450
3452
3455
3456
3458
3459
3461
3465
3475
3479
3483
3487
3495
3517
3519
3521
3522
3527
3531
3532
3537
3542
3546
3549
3555
3557
3562
3565
3567
3568
3573
3578
3579
3580
3581
3582
3584
3585
3591
3592
3596
3597
3600
3602
3603
3605
3606
3608
3615
3616
3620
3622
3625
3626
3631
3632
3634
3639
3641
3643
3648
3649
3653
3657
3660
3666
3667
3670
3672
3674
3676
3678
3679
3682
3685
3686
3687
3693
3703
3706
3707
3709
3710
3712
3714
3717
3718
3719
3725
3729
3733
3740
3741
3744
3747
3751
3754
3762
3765
3768
3771
3772
3775
3778
3779
3781
3783
3784
3785
3786
3792
3796
3797
3798
3807
3808
3809
3811
3814
3815
3819
3828
3830
3831
3832
3835
3841
3844
3850
3851
3853
3855
3858
3859
3860
3862
3867
3871
3873
3875
3877
3879
3880
3882
3884
3886
3889
3895
3896
3897
3900
3906
3908
3910
3911
3913
3914
3915
3919
3920
3929
3931
3932
3934
3935
3937
3941
3945
3946
3947
3960
3961
3962
3965
3967
3975
3978
3979
3983
3987
3988
3989
3990
3994
3998
4000
4002
4003
4004
4005
4007
4014
4015
4017
4021
4022
4024
4033
4037
4038
4039
4041
4042
4044
4046
4048
4049
4052
4054
4055
4064
4066
4069
4072
4073
4075
4078
4080
4081
4089
4090
4091
4094
4104
4106
4110
4112
4115
4126
4129
4131
4133
4137
4139
4140
4141
4142
4143
4148
4149
4151
4154
4162
4163
4172
4173
4174
4175
4176
4178
4180
4182
4183
4184
4185
4190
4191
4192
4195
4197
4198
4199
4200
4203
4204
4213
4214
4217
4219
4221
4222
4224
4226
4233
4234
4240
4241
4242
4245
4246
4250
4251
4257
4258
4259
4260
4262
4263
4265
4269
4271
4272
4276
4283
4286
4287
4288
4289
4290
4291
4292
4293
4297
4298
4301
4306
4308
4309
4311
4313
4314
4315
4317
4318
4321
4323
4325
4326
4332
4334
4335
4338
4339
4343
4344
4346
4347
4348
4353
4359
4360
4361
4362
4364
4369
4370
4371
4373
4376
4378
4380
4382
4384
4388
4389
4393
4394
4396
4397
4398
4399
4400
4404
4405
4406
4407
4421
4422
4423
4427
4429
4430
4431
4432
4438
4439
4440
4442
4446
4454
4457
4458
4462
4465
4466
4468
4474
4477
4480
4481
4482
4483
4486
4489
4490
4492
4494
4497
4509
4513
4514
4520
4521
4522
4523
4525
4527
4530
4532
4534
4538
4539
4540
4541
4542
4543
4544
4549
4550
4552
4554
4556
4557
4558
4562
4568
4570
4574
4576
4578
4583
4585
4588
4592
4597
4600
4603
4604
4605
4606
4607
4611
4613
4615
4616
4617
4622
4623
4628
4629
4632
4634
4640
4642
4645
4652
4659
4662
4664
4669
4671
4672
4678
4680
4687
4698
4701
4705
4706
4707
4709
4710
4712
4716
4718
4721
4723
4724
4730
4748
4753
4763
4765
4766
4767
4773
4774
4776
4777
4785
4791
4792
4794
4795
4796
4799
4802
4809
4810
4812
4813
4816
4817
4818
4821
4823
4824
4831
4836
4838
4840
4841
4845
4846
4848
4849
4851
4854
4862
4865
4874
4876
4879
4880
4881
4882
4885
4886
4891
4896
4898
4901
4905
4911
4913
4915
4924
4930
4935
4937
4938
4940
4941
4943
4946
4949
4950
4952
4953
4957
4961
4965
4969
4972
4973
4977
4978
4983
4985
4986
4988
4989
4990
4991
4995
4997
4998
4999
5003
5005
5006
5007
5008
5009
5015
5023
5025
5026
5029
5031
5034
5035
5036
5037
5043
5049
5055
5057
5061
5065
5070
5086
5092
5094
5095
5099
5100
5107
5109
5112
5118
5119
5131
5137
5139
5140
5143
5146
5147
5149
5150
5152
5154
5156
5158
5163
5171
5173
5174
5180
5182
5194
5195
5197
5200
5203
5207
5219
5228
5230
5234
5237
5243
5259
5262
5265
5270
5273
5274
5275
5276
5277
5278
5282
5286
5288
5290
5293
5296
5309
5312
5314
5318
5320
5324
5327
5331
5332
5337
5338
5339
5342
5348
5351
5352
5354
5358
5364
5365
5371
5372
5375
5378
5380
5383
5388
5393
5402
5403
5404
5408
5418
5419
5420
5424
5427
5435
5438
5441
5451
5452
5454
5455
5464
5470
5471
5479
5483
5489
5490
5492
5493
5495
5500
5501
5518
5521
5523
5524
5525
5527
5528
5529
5531
5540
5542
5548
5550
5554
5555
5558
5561
5563
5564
5565
5570
5575
5580
5581
5583
5584
5589
5590
5592
5594
5602
5605
5606
5610
5617
5619
5622
5626
5628
5632
5633
5638
5640
5641
5645
5648
5651
5653
5660
5662
5663
5666
5668
5669
5677
5678
5683
5689
5702
5703
5710
5713
5715
5716
5717
5718
5721
5722
5728
5730
5734
5735
5738
5741
5743
5748
5750
5752
5756
5758
5759
5765
5768
5769
5774
5776
5777
5778
5781
5788
5791
5792
5795
5797
5801
5803
5804
5816
5818
5819
5822
5823
5825
5827
5832
5833
5836
5843
5845
5846
5848
5850
5853
5856
5857
5863
5864
5865
5866
5867
5872
5875
5876
5877
5883
5885
5889
5890
5893
5894
5897
5898
5899
5900
5902
5909
5910
5918
5919
5921
5926
5928
5931
5932
5933
5937
5938
5944
5950
5954
5958
5959
5966
5974
5977
5982
5989
5991
5992
5997
5998
5999
6007
6008
6010
6014
6016
6018
6025
6027
6030
6032
6033
6039
6040
6043
6054
6058
6060
6065
6068
6072
6079
6082
6083
6086
6087
6088
6091
6093
6095
6097
6100
6101
6103
6104
6113
6115
6117
6118
6130
6135
6136
6140
6142
6143
6148
6151
6153
6156
6158
6162
6164
6165
6170
6177
6178
6179
6180
6193
6202
6203
6205
6208
6213
6217
6220
6227
6228
6229
6230
6233
6239
6241
6244
6246
6250
6251
6257
6259
6263
6264
6265
6267
6277
6285
6287
6288
6291
6293
6294
6300
6301
6305
6311
6312
6313
6319
6324
6325
6330
6331
6333
6336
6339
6344
6347
6351
6354
6355
6356
6357
6358
6364
6366
6383
6385
6390
6397
6400
6401
6406
6413
6417
6419
6421
6438
6439
6442
6443
6452
6460
6463
6464
6469
6473
6478
6482
6483
6484
6487
6494
6497
6499
6500
6502
6504
6518
6519
6523
6527
6530
6535
6540
6541
6544
6545
6548
6549
6552
6553
6555
6564
6566
6567
6571
6576
6589
6594
6600
6601
6604
6605
6606
6607
6610
6611
6613
6615
6623
6625
6626
6628
6630
6632
6633
6636
6638
6639
6641
6643
6644
6645
6648
6649
6656
6659
6662
6663
6664
6676
6680
6688
6689
6691
6693
6694
6696
6700
6703
6716
6717
6720
6723
6726
6727
6729
6733
6734
6735
6739
6756
6759
6760
6765
6769
6771
6774
6783
6784
6785
6787
6792
6798
6801
6804
6810
6816
6821
6825
6826
6830
6832
6836
6842
6843
6845
6857
6860
6862
6866
6867
6868
6871
6883
6889
6894
6895
6897
6910
6917
6934
6939
6948
6949
6951
6953
6956
6964
6969
6973
6976
6977
6978
6980
6982
6984
6985
6988
6989
6999
7011
7020
7021
7025
7030
7037
7038
7044
7045
7048
7051
7055
7072
7074
7082
7083
7085
7088
7090
7091
7097
7099
7102
7105
7110
7114
7115
7116
7117
7118
7120
7121
7123
7124
7125
7129
7131
7133
7134
7138
7139
7145
7149
7150
7154
7157
7159
7160
7161
7162
7163
7167
7169
7172
7180
7182
7183
7188
7189
7190
7192
7197
7212
7220
7222
7223
7224
7227
7232
7244
7250
7252
7254
7255
7259
7268
7270
7271
7273
7274
7280
7284
7285
7290
7291
7295
7298
7302
7303
7304
7314
7315
7325
7327
7328
7338
7341
7349
7354
7360
7362
7369
7370
7371
7372
7374
7382
7385
7391
7397
7399
7400
7405
7408
7409
7410
7413
7414
7427
7428
7430
7433
7434
7437
7438
7442
7444
7446
7449
7451
7456
7457
7459
7461
7465
7466
7468
7469
7471
7474
7476
7482
7484
7491
7492
7493
7494
7495
7497
7499
7501
7503
7504
7507
7510
7514
7515
7517
7518
7521
7523
7526
7529
7530
7533
7536
7538
7541
7547
7553
7558
7560
7569
7572
7578
7579
7580
7589
7594
7596
7597
7601
7604
7605
7609
7614
7618
7620
7621
7627
7628
7629
7630
7632
7634
7639
7644
7645
7648
7649
7650
7651
7652
7653
7656
7659
7660
7667
7670
7671
7672
7676
7684
7689
7699
7701
7702
7703
7704
7705
7722
7731
7732
7740
7742
7744
7751
7754
7757
7758
7760
7761
7764
7765
7769
7772
7773
7778
7781
7787
7789
7791
7795
7797
7801
7803
7816
7819
7826
7830
7831
7839
7841
7846
7850
7854
7858
7859
7860
7862
7865
7869
7879
7883
7884
7885
7889
7893
7896
7900
7901
7902
7906
7908
7917
7918
7919
7921
7922
7925
7928
7929
7933
7936
7937
7942
7943
7947
7951
7953
7954
7955
7956
7960
7961
7962
7963
7964
7965
7971
7977
7978
7983
7984
7985
7994
7996
7999
8005
8006
8008
8021
8023
8028
8035
8036
8039
8040
8044
8046
8050
8059
8060
8064
8067
8068
8070
8072
8074
8078
8079
8084
8089
8095
8104
8109
8110
8113
8114
8121
8129
8130
8136
8138
8141
8143
8144
8146
8148
8152
8157
8160
8161
8162
8167
8168
8173
8174
8175
8176
8177
8181
8185
8187
8190
8200
8201
8205
8208
8215
8226
8227
8230
8232
8239
8242
8243
8245
8247
8249
8250
8251
8253
8256
8259
8264
8265
8266
8276
8279
8280
8286
8287
8288
8291
8300
8305
8306
8312
8314
8315
8317
8324
8325
8328
8331
8336
8338
8341
8343
8344
8345
8346
8351
8354
8379
8380
8381
8382
8384
8389
8391
8397
8400
8404
8405
8409
8410
8411
8415
8419
8421
8425
8433
8434
8442
8447
8452
8454
8456
8457
8459
8464
8465
8466
8472
8474
8476
8483
8486
8497
8502
8505
8506
8507
8509
8512
8514
8525
8528
8529
8531
8534
8537
8540
8541
8542
8549
8550
8552
8555
8559
8565
8566
8567
8568
8573
8576
8584
8585
8594
8597
8599
8606
8612
8615
8618
8620
8621
8624
8626
8628
8630
8632
8636
8637
8639
8644
8647
8650
8651
8654
8656
8666
8680
8684
8687
8688
8692
8693
8698
8700
8705
8706
8709
8710
8716
8717
8722
8723
8725
8727
8732
8734
8735
8739
8742
8744
8745
8750
8754
8755
8757
8760
8766
8767
8770
8774
8787
8790
8796
8798
8799
8800
8802
8805
8806
8815
8816
8821
8822
8823
8824
8828
8831
8832
8835
8837
8839
8844
8845
8848
8849
8850
8856
8857
8859
8861
8863
8866
8867
8870
8871
8872
8873
8874
8876
8877
8879
8880
8883
8887
8889
8890
8892
8895
8900
8901
8902
8905
8907
8911
8912
8920
8921
8923
8924
8930
8931
8932
8934
8935
8940
8941
8942
8945
8948
8956
8957
8959
8965
8966
8967
8968
8976
8977
8980
8983
8984
8987
8992
8997
9001
9006
9008
9009
9010
9012
9015
9017
9019
9026
9029
9031
9034
9035
9037
9038
9044
9045
9049
9051
9053
9054
9057
9060
9063
9067
9068
9070
9071
9072
9077
9078
9084
9085
9088
9091
9092
9093
9094
9105
9110
9111
9115
9122
9123
9125
9126
9127
9136
9139
9140
9141
9144
9151
9154
9155
9159
9161
9163
9167
9171
9175
9176
9184
9185
9188
9190
9191
9192
9196
9197
9201
9207
9209
9210
9212
9216
9218
9219
9222
9223
9226
9229
9234
9235
9237
9248
9252
9253
9256
9257
9261
9267
9268
9270
9272
9276
9280
9282
9287
9288
9290
9294
9309
9315
9317
9327
9328
9334
9336
9340
9343
9348
9349
9351
9353
9356
9359
9360
9361
9363
9366
9367
9368
9370
9372
9379
9382
9387
9389
9392
9394
9396
9397
9401
9403
9405
9407
9408
9409
9413
9415
9417
9420
9422
9424
9431
9438
9442
9448
9450
9451
9452
9455
9456
9457
9465
9472
9475
9476
9477
9478
9479
9482
9486
9488
9489
9490
9491
9493
9500
9503
9506
9508
9517
9518
9522
9525
9528
9532
9533
9536
9540
9541
9548
9549
9551
9557
9559
9560
9564
9567
9568
9569
9571
9572
9574
9575
9579
9581
9583
9586
9591
9592
9593
9597
9599
9600
9601
9602
9603
9604
9607
9610
9613
9616
9620
9622
9627
9632
9633
9634
9638
9640
9641
9647
9648
9654
9657
9662
9663
9670
9673
9674
9677
9680
9682
9683
9690
9698
9699
9701
9704
9705
9709
9717
9720
9722
9723
9724
9728
9731
9732
9733
9735
9736
9739
9740
9747
9751
9757
9761
9771
9772
9777
9779
9783
9785
9788
9794
9795
9796
9800
9801
9802
9804
9805
9810
9811
9821
9822
9828
9830
9831
9836
9837
9839
9840
9844
9846
9847
9848
9849
9851
9860
9870
9871
9875
9880
9882
9883
9899
9900
9903
9904
9908
9909
9913
9914
9915
9917
9924
9925
9927
9930
9931
9932
9934
9937
9938
9939
9941
9948
9954
9956
9957
9959
9960
9962
9963
9966
9970
9981
9982
9986
9987
9989
9990
9995
9999
10001
10005
10008
10012
10015
10022
10023
10024
10025
10027
10032
10036
10037
10040
10044
10045
10046
10048
10052
10054
10059
10062
10068
10079
10081
10085
10088
10089
10090
10094
10099
10100
10101
10107
10108
10110
10114
10116
10120
10124
10125
10128
10131
10132
10138
10141
10145
10147
10148
10151
10153
10160
10161
10166
10169
10177
10178
10179
10185
10192
10193
10194
10204
10207
10211
10212
10218
10219
10220
10228
10229
10234
10240
10241
10242
10243
10244
10246
10247
10249
10250
10256
10258
10264
10265
10266
10280
10284
10288
10291
10295
10301
10302
10304
10307
10312
10315
10316
10317
10327
10328
10333
10334
10336
10338
10343
10345
10346
10347
10349
10351
10356
10359
10360
10372
10375
10377
10387
10389
10391
10392
10398
10400
10401
10402
10403
10413
10415
10418
10421
10424
10425
10428
10433
10434
10437
10440
10443
10448
10450
10452
10453
10455
10459
10460
10461
10463
10464
10469
10470
10471
10473
10479
10480
10481
10483
10486
10488
10494
10498
10500
10503
10519
10520
10522
10525
10530
10533
10535
10540
10545
10546
10547
10550
10551
10553
10555
10556
10557
10568
10569
10572
10574
10575
10578
10580
10582
10584
10587
10590
10591
10593
10598
10601
10603
10608
10610
10615
10622
10624
10629
10630
10632
10636
10639
10641
10645
10646
10649
10650
10654
10661
10662
10663
10666
10670
10673
10676
10677
10681
10682
10683
10684
10685
10687
10688
10689
10691
10692
10694
10695
10696
10701
10702
10703
10704
10705
10707
10708
10710
10712
10715
10716
10717
10718
10721
10722
10723
10725
10726
10728
10730
10731
10732
10733
10737
10742
10744
10745
10749
10750
10751
10757
10758
10760
10762
10765
10766
10767
10770
10777
10778
10783
10786
10787
10789
10791
10794
10795
10797
10798
10802
10819
10820
10821
10823
10824
10827
10830
10832
10834
10839
10841
10844
10845
10847
10849
10851
10852
10857
10859
10860
10862
10864
10866
10867
10870
10872
10873
10874
10877
10878
10880
10882
10884
10886
10887
10890
10892
10899
10905
10906
10907
10908
10909
10911
10913
10915
10917
10921
10927
10929
10930
10931
10932
10934
10938
10939
10941
10942
10945
10947
10949
10953
10954
10955
10956
10957
10958
10961
10962
10963
10965
10968
10974
10986
10987
10988
10991
10993
10998
11001
11002
11005
11007
11009
11011
11012
11014
11016
11018
11019
11021
11024
11025
11028
11032
11036
11044
11047
11048
11051
11052
11053
11055
11057
11059
11065
11075
11078
11080
11081
11082
11083
11084
11086
11091
11092
11095
11100
11101
11102
11105
11107
11108
11112
11113
11114
11115
11117
11118
11123
11125
11127
11129
11132
11134
11137
11146
11147
11148
11150
11153
11155
11156
11160
11161
11162
11164
11165
11167
11170
11176
11180
11181
11182
11183
11184
11186
11188
11190
11194
11197
11199
11200
11201
11208
11211
11215
11216
11222
11224
11225
11227
11232
11239
11241
11248
11250
11252
11253
11254
11263
11269
11279
11281
11290
11291
11298
11299
11304
11309
11313
11317
11319
11322
11327
11330
11334
11337
11342
11347
11348
11350
11353
11354
11355
11363
11369
11372
11373
11375
11377
11383
11385
11386
11387
11394
11396
11404
11406
11410
11413
11416
11424
11426
11429
11437
11441
11458
11460
11461
11462
11467
11469
11473
11477
11478
11482
11487
11498
11500
11501
11504
11505
11511
11513
11517
11519
11520
11526
11540
11548
11552
11554
11555
11557
11558
11560
11561
11563
11565
11569
11573
11575
11576
11578
11579
11581
11583
11584
11585
11587
11588
11590
11591
11592
11593
11594
11601
11604
11607
11609
11612
11623
11626
11637
11643
11647
11659
11660
11664
11665
11669
11672
11674
11679
11682
11683
11686
11689
11690
11691
11697
11699
11702
11711
11712
11719
11720
11723
11724
11726
11733
11734
11736
11738
11740
11741
11744
11747
11748
11751
11755
11756
11758
11759
11761
11771
11774
11777
11779
11781
11785
11789
11795
11807
11808
11809
11810
11813
11815
11818
11820
11821
11822
11825
11827
11833
11841
11844
11847
11852
11853
11857
11859
11865
11866
11869
11871
11872
11873
11874
11876
11878
11880
11881
11884
11887
11888
11890
11893
11894
11900
11901
11902
11904
11913
11916
11918
11919
11922
11930
11931
11932
11933
11934
11935
11936
11937
11942
11944
11949
11959
11960
11961
11962
11963
11965
11968
11973
11978
11979
11980
11983
11987
11988
11989
11990
11998
12000
12002
12005
12007
12008
12010
12011
12012
12014
12015
12022
12024
12026
12030
12032
12033
12034
12035
12039
12041
12042
12044
12046
12047
12049
12050
12057
12058
12059
12063
12064
12065
12067
12070
12073
12074
12076
12078
12080
12082
12084
12085
12086
12091
12092
12094
12095
12102
12104
12105
12106
12107
12108
12111
12112
12113
12114
12117
12120
12121
12123
12133
12134
12138
12139
12140
12145
12146
12150
12151
12153
12156
12158
12161
12163
12164
12170
12171
12174
12178
12179
12180
12182
12183
12185
12186
12197
12199
12200
12201
12202
12204
12205
12207
12209
12212
12214
12215
12216
12217
12218
12219
12223
12229
12230
12233
12234
12235
12237
12239
12244
12247
12248
12250
12251
12252
12254
12257
12258
12261
12266
12267
12268
12270
12271
12274
12275
12276
12277
12278
12279
12280
12281
12283
12286
12287
12288
12289
12292
12293
12294
12298
12299
12306
12307
12308
12311
12312
12313
12315
12317
12319
12320
12322
12323
12326
12329
12333
12342
12343
12345
12353
12354
12356
12357
12359
12361
12362
12363
12364
12365
12366
12367
12368
12369
12371
12376
12377
12379
12381
12383
12387
12388
12394
12395
12396
12397
12399
12401
12402
12404
12408
12409
12411
12413
12414
12418
12425
12427
12432
12435
12436
12440
12443
12450
12454
12456
12457
12459
12460
12464
12467
12470
12471
12476
12477
12487
12489
12490
12493
12494
12495
12497
12502
12503
12504
12505
12507
12510
12512
12513
12514
12515
12521
12524
12539
12542
12543
12545
12548
12549
12550
12554
12556
12563
12569
12573
12575
12578
12582
12584
12585
12588
12590
12591
12592
12593
12594
12595
12599
12600
12601
12602
12603
12610
12614
12616
12618
12619
12620
12622
12627
12628
12629
12630
12631
12633
12635
12637
12638
12641
12644
12645
12646
12647
12648
12651
12654
12657
12658
12666
12667
12668
12671
12672
12674
12676
12679
12680
12688
12692
12693
12694
12695
12697
12702
12707
12708
12709
12710
12711
12713
12714
12716
12717
12719
12720
12724
12726
12732
12733
12734
12735
12741
12743
12748
12749
12754
12755
12757
12758
12767
12769
12771
12778
12782
12783
12786
12787
12788
12793
12794
12795
12797
12799
12800
12803
12805
12808
12814
12821
12824
12826
12827
12831
12833
12836
12839
12844
12846
12852
12853
12856
12857
12858
12859
12864
12866
12867
12869
12873
12874
12878
12882
12883
12885
12888
12889
12890
12892
12893
12895
12896
12897
12899
12902
12911
12913
12914
12915
12916
12917
12919
12921
12925
12926
12931
12932
12935
12936
12938
12940
12941
12942
12946
12950
12952
12953
12956
12961
12964
12968
12969
12970
12971
12973
12976
12979
12980
12981
12982
12983
12984
12991
12992
12996
12998
13000
13001
13002
13004
13007
13008
13012
13015
13017
13020
13022
13024
13027
13029
13030
13033
13037
13038
13044
13045
13047
13048
13055
13057
13060
13070
13079
13083
13084
13086
13088
13093
13094
13095
13096
13098
13101
13105
13108
13112
13115
13116
13118
13119
13121
13124
13125
13127
13128
13130
13131
13132
13137
13140
13141
13143
13149
13157
13159
13163
13164
13167
13168
13171
13172
13174
13175
13180
13181
13184
13185
13186
13187
13188
13192
13196
13204
13205
13210
13212
13214
13215
13224
13228
13230
13231
13234
13240
13245
13250
13267
13270
13274
13277
13279
13282
13284
13286
13287
13288
13291
13293
13294
13295
13296
13300
13301
13304
13305
13308
13309
13312
13315
13319
13321
13322
13324
13327
13330
13332
13337
13339
13340
13341
13342
13345
13349
13351
13358
13362
13364
13368
13369
13372
13374
13376
13378
13381
13382
13383
13387
13394
13398
13402
13404
13413
13415
13422
13427
13428
13432
13434
13436
13440
13449
13451
13452
13454
13458
13459
13472
13473
13474
13493
13496
13499
13500
13503
13506
13508
13509
13513
13517
13523
13528
13534
13541
13542
13546
13547
13548
13552
13555
13558
13560
13568
13569
13571
13572
13573
13574
13575
13577
13578
13579
13580
13585
13592
13593
13596
13597
13600
13602
13603
13606
13608
13610
13611
13614
13616
13618
13619
13621
13633
13635
13644
13649
13653
13663
13664
13667
13668
13669
13672
13673
13676
13681
13684
13686
13687
13688
13696
13699
13705
13716
13719
13720
13723
13724
13726
13727
13728
13741
13743
13747
13748
13758
13760
13762
13763
13767
13773
13774
13775
13777
13779
13783
13788
13790
13791
13792
13794
13797
13799
13800
13801
13802
13803
13809
13811
13819
13821
13822
13825
13827
13828
13831
13835
13844
13846
13850
13851
13852
13858
13862
13865
13871
13872
13877
13878
13879
13885
13888
13889
13890
13891
13895
13896
13897
13899
13900
13901
13903
13907
13908
13912
13914
13916
13922
13925
13928
13930
13932
13935
13936
13941
13942
13943
13944
13948
13949
13950
13951
13952
13953
13959
13962
13963
13965
13966
13967
13971
13972
13973
13975
13976
13978
13980
13983
13989
13990
13991
13994
13995
13999
14000
14004
14007
14009
14011
14019
14020
14025
14026
14033
14034
14036
14037
14038
14040
14042
14044
14048
14050
14051
14055
14058
14064
14066
14067
14071
14072
14074
14076
14083
14084
14087
14088
14089
14094
14097
14102
14107
14109
14112
14113
14114
14116
14118
14119
14120
14121
14123
14124
14129
14130
14131
14133
14134
14138
14143
14148
14150
14151
14156
14159
14161
14163
14169
14171
14173
14174
14176
14177
14179
14180
14181
14182
14189
14191
14192
14198
14202
14203
14207
14212
14216
14217
14218
14230
14236
14237
14241
14244
14245
14255
14257
14261
14263
14265
14270
14272
14273
14276
14280
14281
14282
14285
14286
14287
14289
14290
14291
14293
14294
14295
14296
14301
14305
14307
14311
14312
14313
14316
14318
14321
14328
14332
14333
14335
14336
14339
14340
14341
14344
14352
14353
14355
14356
14357
14358
14359
14361
14365
14368
14370
14371
14374
14376
14381
14382
14385
14386
14388
14393
14399
14400
14401
14403
14404
14405
14408
14409
14410
14411
14412
14413
14417
14418
14419
14420
14421
14422
14423
14425
14427
14428
14430
14431
14432
14434
14436
14438
14441
14443
14444
14445
14446
14448
14449
14450
14451
14452
14453
14454
14459
14460
14462
14463
14464
14467
14473
14477
14482
14483
14488
14489
14490
14491
14493
14497
14506
14510
14511
14515
14516
14517
14525
14527
14531
14535
14537
14552
14557
14561
14562
14563
14566
14567
14569
14574
14575
14576
14578
14579
14581
14583
14584
14585
14589
14593
14596
14598
14599
14601
14605
14614
14617
14618
14619
14621
14623
14629
14634
14636
14637
14639
14640
14642
14646
14654
14655
14660
14665
14671
14672
14673
14674
14675
14676
14678
14684
14685
14694
14696
14702
14704
14706
14720
14721
14723
14724
14730
14733
14739
14741
14744
14745
14747
14753
14754
14756
14758
14764
14767
14768
14770
14774
14775
14777
14780
14784
14789
14791
14792
14793
14795
14799
14800
14806
14807
14809
14814
14815
14816
14818
14822
14824
14825
14830
14832
14835
14836
14840
14843
14845
14847
14848
14855
14856
14858
14859
14869
14871
14876
14881
14882
14884
14885
14886
14892
14893
14898
14901
14903
14907
14909
14918
14923
14925
14926
14928
14929
14933
14936
14937
14939
14941
14947
14949
14953
14958
14959
14964
14967
14968
14972
14973
14974
14975
14977
14982
14989
14990
14991
15003
15005
15008
15011
15014
15015
15016
15029
15030
15032
15035
15036
15037
15038
15042
15044
15049
15052
15053
15056
15057
15061
15062
15067
15074
15079
15082
15085
15087
15090
15092
15093
15095
15100
15106
15111
15112
15116
15117
15119
15120
15121
15124
15127
15128
15134
15135
15136
15139
15146
15150
15153
15155
15160
15163
15164
15171
15173
15175
15181
15183
15187
15188
15191
15193
15194
15197
15198
15203
15205
15210
15212
15215
15221
15224
15225
15231
15233
15234
15235
15237
15239
15240
15242
15246
15247
15248
15250
15252
15254
15255
15258
15259
15262
15264
15265
15266
15268
15274
15275
15276
15277
15278
15279
15281
15282
15283
15286
15288
15289
15290
15291
15295
15296
15300
15302
15309
15311
15314
15315
15318
15321
15322
15323
15324
15326
15330
15332
15336
15339
15340
15344
15346
15350
15351
15352
15353
15354
15359
15362
15367
15368
15370
15371
15373
15374
15375
15376
15385
15387
15388
15390
15393
15394
15395
15397
15398
15400
15401
15402
15403
15404
15410
15411
15413
15414
15415
15416
15419
15420
15423
15424
15427
15430
15432
15434
15436
15437
15438
15439
15444
15446
15452
15453
15454
15456
15459
15461
15462
15463
15466
15470
15471
15473
15476
15477
15478
15481
15483
15485
15487
15490
15491
15493
15495
15497
15503
15506
15510
15511
15513
15514
15515
15520
15522
15523
15524
15525
15526
15534
15536
15545
15546
15547
15554
15557
15560
15563
15565
15567
15569
15570
15571
15577
15579
15580
15584
15591
15592
15593
15594
15595
15596
15597
15599
15600
15603
15604
15606
15608
15609
15613
15619
15622
15623
15626
15627
15630
15633
15635
15636
15641
15642
15643
15648
15649
15654
15656
15657
15660
15661
15671
15672
15673
15675
15677
15679
15680
15681
15683
15688
15694
15695
15700
15703
15705
15711
15718
15719
15725
15726
15727
15728
15729
15731
15735
15736
15739
15740
15743
15745
15746
15747
15750
15752
15755
15757
15759
15760
15761
15762
15767
15768
15774
15776
15777
15779
15781
15784
15785
15786
15790
15791
15792
15793
15795
15798
15800
15809
15810
15814
15821
15822
15828
15829
15834
15835
15838
15843
15850
15851
15853
15857
15858
15859
15861
15862
15864
15866
15872
15873
15876
15885
15886
15887
15888
15890
15893
15898
15899
15903
15904
15908
15910
15911
15912
15913
15914
15915
15918
15921
15935
15936
15938
15943
15944
15946
15947
15948
15950
15956
15959
15961
15964
15966
15969
15972
15973
15975
15976
15981
15988
15995
15996
15997
15999
16000
16001
16005
16006
16008
16009
16011
16012
16013
16014
16015
16018
16019
16020
16022
16027
16029
16032
16035
16036
16040
16041
16042
16043
16044
16046
16048
16050
16052
16053
16056
16059
16060
16062
16071
16075
16081
16086
16088
16090
16091
16092
16095
16096
16100
16112
16113
16115
16116
16123
16126
16127
16130
16132
16136
16137
16138
16141
16149
16152
16156
16157
16163
16167
16168
16172
16177
16180
16182
16183
16194
16195
16196
16199
16200
16201
16202
16203
16206
16207
16209
16212
16216
16217
16218
16219
16221
16222
16227
16228
16231
16232
16235
16238
16240
16241
16242
16249
16254
16256
16257
16266
16267
16271
16275
16279
16282
16284
16287
16288
16291
16294
16296
16297
16299
16307
16311
16312
16315
16316
16317
16319
16320
16326
16327
16328
16332
16337
16340
16341
16342
16349
16350
16351
16353
16358
16362
16364
16366
16367
16368
16369
16373
16375
16378
16379
16380
16382
16386
16387
16389
16391
16392
16395
16406
16414
16416
16417
16426
16430
16435
16439
16442
16443
16445
16446
16448
16450
16451
16452
16462
16463
16464
16467
16469
16470
16478
16480
16482
16484
16486
16489
16493
16495
16498
16500
16503
16504
16505
16510
16512
16522
16529
16532
16537
16538
16543
16548
16549
16552
16553
16556
16558
16565
16566
16567
16574
16575
16576
16578
16583
16585
16588
16589
16590
16593
16595
16596
16599
16603
16606
16607
16608
16612
16613
16614
16615
16623
16624
16625
16626
16628
16636
16643
16651
16654
16658
16662
16666
16667
16674
16682
16684
16686
16687
16692
16700
16702
16704
16706
16709
16710
16720
16721
16723
16724
16726
16737
16739
16743
16746
16748
16751
16755
16756
16759
16765
16772
16774
16777
16780
16781
16783
16785
16791
16793
16794
16796
16808
16813
16816
16821
16822
16823
16826
16828
16833
16834
16836
16837
16839
16840
16843
16844
16845
16855
16858
16864
16865
16871
16875
16888
16893
16898
16900
16901
16903
16904
16906
16909
16910
16911
16913
16923
16924
16925
16926
16930
16932
16936
16941
16945
16946
16949
16957
16960
16962
16963
16966
16967
16976
16978
16980
16981
16982
16983
16984
16985
16986
16989
16992
16995
16999
17002
17004
17008
17009
17015
17016
17017
17018
17028
17030
17032
17036
17037
17040
17044
17046
17047
17048
17049
17050
17056
17064
17066
17067
17069
17070
17074
17077
17080
17081
17082
17084
17087
17088
17093
17095
17096
17100
17104
17115
17119
17122
17128
17133
17136
17137
17143
17148
17150
17151
17154
17157
17158
17162
17165
17168
17169
17170
17172
17173
17174
17177
17179
17182
17183
17185
17189
17190
17191
17194
17196
17198
17199
17200
17201
17206
17210
17211
17215
17219
17220
17222
17226
17229
17237
17241
17243
17245
17247
17248
17249
17251
17252
17254
17256
17257
17259
17261
17263
17264
17268
17269
17270
17272
17275
17276
17277
17278
17279
17284
17286
17287
17288
17289
17296
17297
17299
17301
17306
17307
17309
17311
17315
17316
17320
17327
17329
17332
17334
17336
17339
17341
17342
17347
17351
17352
17356
17359
17360
17364
17366
17370
17372
17373
17374
17376
17378
17379
17380
17381
17383
17387
17388
17394
17398
17399
17401
17404
17408
17412
17414
17415
17418
17419
17420
17422
17423
17424
17426
17427
17432
17445
17447
17454
17456
17460
17466
17467
17468
17480
17482
17483
17484
17485
17486
17492
17496
17499
17501
17509
17515
17519
17520
17521
17524
17545
17550
17552
17555
17556
17559
17561
17562
17565
17566
17568
17569
17571
17576
17578
17582
17585
17586
17595
17596
17599
17602
17605
17609
17614
17616
17621
17622
17624
17625
17626
17627
17629
17632
17635
17641
17650
17657
17660
17662
17672
17673
17677
17692
17694
17699
17703
17708
17711
17723
17724
17730
17731
17732
17733
17734
17735
17739
17740
17741
17745
17747
17748
17757
17758
17760
17764
17782
17784
17788
17790
17791
17794
17797
17799
17801
17805
17808
17809
17810
17813
17814
17820
17821
17825
17827
17829
17833
17835
17838
17840
17841
17842
17845
17850
17851
17857
17858
17867
17869
17870
17874
17880
17881
17888
17899
17900
17903
17906
17908
17910
17914
17915
17924
17926
17927
17928
17930
17932
17933
17938
17944
17952
17953
17956
17958
17960
17961
17963
17965
17972
17976
17979
17980
17981
17982
17985
17988
18000
18001
18007
18010
18013
18015
18017
18030
18033
18040
18042
18044
18046
18062
18066
18070
18072
18079
18080
18083
18084
18088
18093
18098
18099
18102
18104
18109
18113
18116
18121
18127
18131
18132
18136
18143
18144
18157
18163
18164
18165
18166
18172
18176
18182
18185
18187
18196
18200
18201
18205
18207
18211
18213
18214
18220
18229
18232
18233
18234
18235
18239
18248
18250
18256
18261
18263
18270
18271
18276
18279
18281
18282
18284
18287
18291
18293
18294
18295
18305
18308
18311
18312
18314
18317
18319
18321
18329
18332
18340
18347
18351
18353
18354
18355
18357
18364
18365
18377
18378
18381
18386
18387
18388
18398
18406
18407
18408
18409
18417
18418
18419
18421
18423
18425
18427
18428
18431
18433
18440
18448
18451
18455
18457
18463
18464
18466
18468
18473
18482
18485
18486
18494
18495
18496
18500
18502
18503
18514
18520
18522
18524
18525
18528
18530
18531
18532
18538
18539
18545
18550
18551
18552
18555
18557
18558
18559
18560
18561
18567
18570
18573
18574
18583
18585
18587
18597
18601
18603
18605
18612
18613
18614
18615
18619
18622
18623
18625
18627
18628
18630
18635
18637
18639
18640
18646
18648
18649
18658
18663
18664
18668
18669
18673
18675
18676
18678
18679
18682
18683
18685
18687
18689
18698
18703
18705
18707
18712
18716
18719
18720
18721
18723
18724
18728
18729
18730
18731
18733
18734
18735
18743
18745
18746
18747
18749
18757
18761
18763
18765
18766
18767
18768
18776
18783
18785
18787
18788
18792
18802
18803
18805
18806
18808
18809
18814
18820
18828
18839
18840
18843
18845
18851
18855
18857
18858
18861
18862
18866
18867
18868
18869
18872
18874
18877
18882
18885
18887
18896
18897
18898
18899
18901
18905
18907
18910
18913
18916
18917
18918
18919
18924
18926
18929
18930
18935
18937
18938
18941
18943
18944
18945
18949
18952
18953
18954
18955
18956
18960
18963
18966
18967
18969
18973
18975
18978
18979
18980
18984
18989
18990
18992
18993
18994
18996
18997
18999
19000
19003
19004
19008
19010
19013
19014
19015
19016
19021
19022
19023
19025
19027
19028
19034
19036
19037
19038
19044
19048
19058
19061
19064
19065
19070
19073
19076
19077
19078
19080
19082
19084
19087
19089
19090
19092
19096
19097
19104
19105
19106
19109
19113
19114
19115
19118
19123
19124
19126
19128
19129
19133
19134
19137
19140
19143
19145
19152
19154
19160
19162
19165
19168
19171
19173
19175
19176
19183
19189
19190
19192
19193
19199
19201
19204
19206
19216
19219
19220
19223
19225
19234
19236
19240
19242
19243
19245
19246
19247
19248
19250
19252
19262
19265
19270
19271
19279
19280
19281
19282
19283
19287
19294
19298
19302
19305
19306
19307
19308
19310
19311
19314
19316
19320
19322
19324
19327
19329
19331
19349
19352
19354
19357
19358
19362
19364
19365
19367
19374
19375
19376
19381
19383
19384
19386
19389
19392
19395
19398
19402
19403
19405
19406
19407
19408
19409
19411
19413
19414
19415
19419
19422
19424
19425
19426
19427
19430
19437
19440
19441
19442
19443
19446
19450
19455
19457
19458
19460
19462
19464
19465
19466
19467
19468
19479
19481
19483
19486
19488
19496
19497
19502
19508
19509
19510
19517
19518
19520
19521
19522
19524
19525
19526
19531
19532
19533
19539
19540
19541
19542
19544
19545
19549
19555
19557
19558
19565
19570
19576
19577
19578
19583
19588
19590
19593
19595
19597
19600
19601
19602
19603
19610
19611
19616
19618
19619
19624
19625
19628
19630
19631
19633
19634
19642
19649
19651
19654
19656
19661
19665
19667
19669
19671
19673
19675
19676
19677
19681
19685
19687
19690
19691
19692
19694
19695
19697
19700
19702
19703
19705
19706
19707
19708
19709
19710
19713
19714
19717
19720
19721
19722
19725
19727
19729
19732
19733
19738
19739
19740
19743
19750
19751
19752
19761
19762
19764
19769
19770
19771
19774
19775
19777
19778
19780
19786
19789
19791
19799
19802
19812
19815
19816
19817
19819
19821
19827
19830
19831
19832
19835
19836
19839
19840
19842
19844
19845
19847
19848
19849
19853
19854
19859
19861
19864
19865
19873
19874
19876
19877
19880
19883
19886
19887
19889
19890
19893
19896
19899
19906
19910
19915
19916
19919
19925
19927
19935
19936
19937
19938
19944
19947
19951
19956
19957
19959
19961
19966
19974
19977
19980
19983
19987
19989
19991
19992
19995
19997
19998
20000
20007
20012
20013
20014
20018
20021
20031
20032
20040
20046
20050
20052
20055
20060
20063
20065
20069
20070
20073
20078
20080
20087
20090
20091
20094
20097
20099
20100
20104
20106
20109
20112
20115
20116
20121
20122
20126
20127
20128
20129
20130
20132
20134
20136
20144
20145
20148
20150
20152
20153
20159
20162
20165
20167
20169
20170
20175
20179
20182
20184
20186
20193
20194
20195
20198
20203
20204
20206
20214
20216
20218
20228
20231
20232
20234
20237
20244
20253
20256
20257
20258
20260
20265
20267
20268
20270
20273
20275
20277
20291
20292
20294
20297
20298
20300
20304
20305
20307
20308
20309
20310
20313
20316
20318
20323
20325
20328
20329
20332
20336
20338
20339
20340
20342
20343
20350
20351
20357
20359
20360
20362
20366
20369
20371
20374
20375
20377
20385
20389
20394
20396
20397
20399
20400
20402
20403
20412
20413
20418
20425
20429
20430
20439
20442
20443
20448
20460
20461
20464
20466
20470
20473
20478
20479
20480
20481
20485
20487
20490
20494
20496
20501
20505
20509
20510
20514
20519
20522
20524
20529
20533
20534
20537
20540
20542
20546
20548
20551
20552
20557
20561
20563
20564
20566
20570
20574
20579
20580
20581
20583
20584
20585
20587
20593
20597
20598
20601
20605
20606
20608
20611
20619
20623
20625
20627
20638
20640
20644
20647
20648
20649
20650
20651
20652
20653
20659
20660
20662
20665
20666
20669
20670
20671
20675
20676
20678
20679
20684
20685
20687
20688
20691
20692
20696
20697
20699
20701
20702
20703
20705
20708
20709
20712
20713
20714
20716
20717
20719
20723
20725
20728
20729
20730
20731
20737
20739
20740
20747
20751
20752
20754
20755
20756
20759
20763
20765
20766
20767
20768
20770
20773
20775
20779
20780
20783
20785
20787
20789
20795
20798
20799
20800
20804
20805
20806
20807
20809
20810
20811
20818
20820
20821
20824
20826
20827
20829
20832
20835
20837
20840
20844
20845
20846
20847
20848
20849
20855
20856
20859
20862
20865
20868
20882
20883
20884
20887
20890
20892
20897
20899
20903
20906
20907
20909
20913
20915
20916
20917
20918
20919
20924
20928
20929
20932
20933
20934
20936
20938
20940
20941
20942
20943
20946
20947
20948
20949
20951
20953
20954
20956
20962
20963
20964
20965
20966
20967
20969
20970
20971
20974
20976
20980
20981
20982
20983
20985
20987
20989
20991
20992
20994
20995
20997
21004
21007
21010
21022
21023
21024
21030
21032
21034
21036
21040
21041
21043
21049
21050
21051
21052
21053
21054
21055
21061
21063
21069
21073
21075
21080
21082
21084
21085
21088
21089
21090
21091
21096
21100
21103
21107
21111
21112
21116
21119
21123
21124
21128
21130
21131
21132
21134
21138
21143
21144
21147
21153
21156
21159
21161
21162
21163
21165
21166
21170
21171
21172
21175
21177
21179
21182
21184
21186
21187
21188
21189
21192
21195
21197
21200
21201
21204
21207
21214
21220
21221
21223
21224
21225
21226
21228
21229
21234
21235
21239
21247
21250
21252
21253
21256
21257
21262
21266
21267
21268
21275
21277
21279
21281
21284
21285
21288
21289
21297
21298
21301
21313
21317
21319
21320
21326
21330
21332
21333
21337
21341
21346
21349
21354
21357
21358
21363
21366
21367
21372
21375
21380
21382
21383
21384
21396
21398
21399
21401
21403
21404
21406
21410
21415
21427
21429
21432
21439
21440
21441
21443
21446
21448
21450
21452
21455
21458
21462
21463
21465
21466
21469
21470
21475
21476
21477
21481
21485
21487
21488
21489
21491
21493
21494
21496
21497
21498
21500
21502
21506
21509
21510
21514
21515
21517
21526
21527
21528
21529
21538
21539
21548
21550
21553
21557
21558
21561
21566
21568
21570
21575
21576
21579
21582
21583
21585
21586
21588
21589
21592
21593
21597
21600
21601
21610
21611
21619
21622
21635
21637
21638
21639
21644
21645
21646
21647
21648
21650
21654
21657
21659
21662
21667
21670
21673
21674
21675
21678
21684
21688
21691
21693
21694
21699
21702
21703
21705
21706
21708
21709
21710
21711
21715
21717
21719
21721
21724
21725
21733
21734
21735
21736
21738
21739
21743
21749
21751
21755
21756
21760
21763
21765
21766
21769
21770
21771
21774
21776
21777
21783
21784
21788
21789
21796
21798
21800
21802
21804
21807
21810
21811
21812
21814
21815
21817
21818
21822
21823
21826
21827
21828
21829
21830
21838
21840
21842
21844
21845
21847
21851
21852
21853
21855
21856
21857
21860
21862
21868
21869
21870
21871
21876
21880
21882
21886
21895
21903
21909
21912
21915
21918
21919
21921
21924
21925
21930
21937
21938
21943
21944
21952
21953
21955
21957
21959
21962
21966
21967
21970
21972
21975
21976
21977
21979
21980
21983
21984
21986
21993
22001
22003
22006
22007
22009
22015
22017
22019
22021
22023
22025
22032
22035
22036
22037
22038
22041
22044
22047
22050
22051
22053
22056
22063
22073
22076
22077
22078
22085
22087
22092
22094
22098
22102
22106
22111
22112
22120
22125
22126
22128
22134
22136
22146
22151
22154
22156
22159
22165
22169
22170
22175
22179
22180
22181
22182
22186
22196
22199
22202
22203
22205
22207
22211
22216
22219
22220
22224
22227
22228
22230
22231
22232
22233
22236
22239
22242
22253
22254
22261
22267
22268
22272
22274
22279
22280
22283
22285
22294
22296
22300
22302
22303
22304
22306
22310
22312
22315
22316
22317
22320
22321
22324
22325
22326
22327
22330
22336
22337
22338
22341
22344
22348
22349
22350
22359
22360
22362
22363
22365
22366
22367
22370
22372
22375
22377
22378
22380
22382
22388
22390
22391
22392
22393
22394
22395
22396
22397
22398
22404
22407
22411
22412
22414
22417
22418
22421
22422
22423
22425
22430
22431
22432
22433
22437
22438
22445
22447
22449
22450
22451
22452
22454
22461
22462
22464
22465
22466
22469
22470
22472
22474
22476
22477
22480
22485
22489
22492
22495
22498
22499
22502
22507
22509
22510
22511
22513
22515
22516
22519
22521
22525
22529
22530
22531
22536
22543
22552
22553
22555
22557
22559
22560
22561
22562
22564
22565
22566
22568
22569
22582
22585
22589
22590
22593
22594
22598
22600
22602
22605
22607
22608
22609
22610
22611
22617
22618
22619
22621
22637
22638
22640
22642
22643
22647
22648
22649
22650
22654
22660
22666
22669
22672
22674
22677
22685
22689
22691
22699
22700
22701
22703
22705
22707
22709
22710
22711
22714
22717
22719
22721
22722
22723
22729
22731
22738
22739
22742
22743
22744
22745
22749
22750
22754
22756
22757
22764
22773
22778
22781
22789
22796
22797
22798
22800
22803
22804
22806
22810
22811
22814
22815
22816
22818
22819
22821
22822
22825
22829
22830
22832
22833
22834
22836
22837
22838
22839
22847
22853
22859
