0
5
13
23
35
43
51
59
62
72
82
86
90
97
101
103
114
118
123
129
131
142
145
151
152
157
162
166
167
171
180
190
192
195
198
199
200
209
219
226
228
239
245
247
254
270
276
292
296
302
303
309
328
329
335
342
351
353
358
371
380
384
385
387
393
396
401
402
415
416
428
445
452
459
461
464
470
481
482
484
487
488
493
504
508
509
511
529
534
535
537
539
542
543
548
556
565
569
573
594
598
612
635
637
639
642
646
647
648
651
672
673
685
686
687
692
699
704
705
709
712
722
728
738
740
742
746
759
760
766
768
778
786
787
789
805
811
814
831
833
836
838
844
845
853
854
855
856
858
860
871
883
885
899
910
915
921
923
924
926
927
934
936
941
965
986
989
991
993
995
996
997
1008
1012
1013
1017
1030
1031
1032
1034
1036
1040
1051
1061
1065
1071
1072
1076
1080
1083
1090
1091
1102
1125
1128
1130
1131
1146
1147
1154
1155
1158
1160
1161
1164
1165
1168
1177
1180
1185
1188
1190
1197
1209
1210
1212
1218
1219
1226
1232
1235
1244
1253
1255
1256
1264
1266
1286
1288
1290
1292
1305
1312
1328
1335
1336
1342
1343
1347
1353
1356
1360
1361
1365
1366
1367
1375
1397
1405
1423
1431
1432
1439
1444
1446
1449
1455
1457
1458
1459
1464
1466
1467
1480
1491
1508
1512
1513
1514
1518
1520
1530
1534
1537
1538
1542
1546
1547
1549
1551
1561
1562
1574
1575
1583
1589
1591
1593
1607
1611
1618
1624
1629
1630
1633
1641
1644
1645
1658
1662
1665
1671
1676
1684
1686
1688
1691
1704
1709
1714
1717
1723
1727
1735
1736
1739
1744
1751
1764
1776
1785
1796
1808
1827
1837
1840
1879
1880
1891
1892
1893
1895
1908
1912
1916
1917
1926
1928
1947
1958
1960
1963
1965
1968
1971
1972
1992
1995
1997
1999
2000
2002
2011
2034
2037
2038
2041
2044
2070
2081
2101
2104
2109
2116
2126
2130
2136
2138
2139
2161
2167
2171
2174
2179
2180
2181
2190
2194
2204
2206
2207
2209
2210
2211
2212
2213
2215
2219
2225
2232
2235
2237
2255
2257
2263
2265
2266
2268
2273
2291
2299
2305
2311
2314
2315
2321
2322
2329
2337
2342
2346
2351
2354
2355
2361
2364
2379
2387
2388
2392
2393
2403
2409
2419
2420
2422
2423
2425
2431
2432
2439
2445
2446
2447
2456
2479
2480
2481
2485
2486
2487
2495
2497
2506
2508
2510
2520
2521
2522
2523
2524
2529
2530
2535
2537
2542
2546
2549
2550
2554
2567
2575
2577
2579
2591
2599
2600
2603
2604
2607
2648
2656
2658
2659
2666
2671
2672
2673
2675
2685
2686
2693
2694
2700
2701
2704
2712
2715
2723
2727
2729
2730
2731
2732
2733
2737
2740
2742
2751
2766
2770
2772
2774
2785
2786
2796
2797
2799
2815
2819
2821
2830
2846
2852
2854
2855
2858
2859
2861
2862
2865
2874
2886
2891
2902
2903
2907
2915
2923
2924
2926
2927
2931
2940
2944
2954
2955
2957
2965
2967
2970
2977
2982
2985
2988
2989
2992
2993
2996
3013
3030
3036
3040
3047
3048
3049
3061
3063
3065
3066
3068
3071
3073
3076
3085
3086
3096
3098
3099
3100
3103
3119
3120
3129
3135
3139
3140
3142
3150
3156
3162
3178
3187
3196
3201
3217
3229
3231
3235
3238
3241
3243
3247
3256
3258
3263
3269
3280
3288
3290
3292
3297
3299
3313
3317
3321
3327
3329
3331
3332
3335
3336
3341
3347
3350
3351
3356
3358
3369
3372
3374
3376
3377
3379
3382
3400
3403
3404
3407
3408
3410
3414
3425
3436
3441
3449
3455
3458
3468
3492
3494
3495
3505
3507
3537
3538
3541
3544
3551
3556
3561
3570
3582
3583
3585
3592
3594
3601
3607
3611
3615
3617
3620
3622
3634
3637
3641
3644
3652
3656
3672
3674
3697
3704
3713
3715
3718
3728
3735
3737
3744
3745
3749
3754
3761
3763
3778
3781
3784
3785
3790
3794
3796
3797
3810
3818
3820
3823
3835
3851
3852
3856
3858
3863
3875
3881
3884
3899
3901
3906
3909
3919
3920
3925
3934
3939
3943
3948
3949
3952
3953
3965
3967
3972
3982
3992
3994
3998
4004
4010
4012
4013
4014
4019
4026
4037
4052
4058
4062
4063
4064
4073
4082
4085
4087
4088
4091
4092
4098
4111
4112
4115
4119
4126
4133
4137
4152
4153
4157
4159
4160
4169
4171
4173
4181
4188
4190
4197
4210
4211
4219
4222
4225
4226
4238
4241
4242
4251
4252
4257
4270
4273
4275
4283
4286
4289
4293
4295
4299
4313
4325
4340
4342
4349
4350
4353
4358
4365
4372
4382
4386
4387
4388
4396
4402
4406
4410
4412
4416
4420
4423
4427
4428
4429
4430
4435
4445
4447
4449
4450
4454
4458
4469
4475
4476
4482
4497
4499
4503
4506
4507
4508
4510
4512
4514
4531
4533
4545
4554
4564
4565
4569
4574
4575
4576
4584
4587
4589
4592
4597
4598
4600
4602
4604
4616
4617
4625
4632
4634
4640
4645
4646
4653
4658
4663
4666
4670
4672
4673
4674
4675
4678
4680
4682
4701
4712
4717
4724
4730
4731
4735
4739
4742
4749
4750
4752
4763
4770
4778
4780
4796
4810
4811
4817
4824
4828
4832
4849
4852
4855
4856
4858
4860
4861
4867
4868
4870
4880
4885
4891
4896
4897
4900
4903
4909
4915
4916
4923
4925
4965
4968
4969
4977
4984
4992
4994
5018
5031
5033
5045
5051
5054
5056
5057
5064
5065
5090
5101
5102
5112
5115
5119
5132
5146
5147
5151
5163
5167
5170
5174
5182
5192
5195
5212
5214
5216
5221
5222
5223
5224
5230
5234
5238
5239
5241
5242
5243
5247
5250
5251
5255
5256
5260
5266
5275
5291
5292
5294
5295
5298
5300
5303
5308
5311
5314
5320
5334
5339
5340
5343
5349
5354
5363
5367
5369
5372
5379
5380
5385
5403
5411
5421
5423
5428
5444
5459
5462
5463
5466
5474
5485
5488
5490
5494
5495
5497
5498
5506
5510
5513
5514
5529
5534
5541
5548
5551
5552
5559
5560
5567
5580
5588
5592
5595
5599
5611
5612
5614
5616
5619
5625
5629
5632
5639
5647
5650
5652
5656
5668
5678
5680
5688
5695
5698
5700
5703
5704
5705
5708
5711
5733
5745
5758
5766
5767
5776
5778
5782
5789
5791
5797
5810
5811
5814
5818
5820
5823
5827
5829
5832
5836
5838
5845
5848
5854
5861
5869
5872
5873
5875
5876
5877
5878
5886
5890
5893
5902
5903
5917
5918
5921
5925
5926
5927
5933
5937
5938
5943
5944
5954
5956
5965
5970
5972
5977
5978
5993
6012
6013
6017
6022
6033
6034
6038
6041
6042
6051
6054
6056
6063
6064
6073
6078
6082
6085
6092
6096
6106
6117
6120
6123
6125
6131
6132
6134
6144
6157
6160
6168
6169
6172
6185
6186
6187
6193
6194
6196
6200
6203
6208
6213
6220
6225
6226
6232
6234
6235
6237
6249
6251
6257
6264
6266
6267
6271
6283
6285
6287
6288
6293
6294
6303
6306
6307
6318
6322
6325
6328
6331
6333
6344
6345
6346
6354
6357
6360
6363
6367
6368
6373
6387
6391
6392
6399
6403
6416
6417
6422
6433
6438
6443
6445
6455
6459
6460
6463
6481
6483
6485
6490
6498
6511
6518
6523
6528
6535
6536
6539
6549
6550
6567
6574
6576
6577
6585
6588
6589
6604
6606
6610
6612
6615
6634
6635
6636
6648
6659
6669
6674
6682
6688
6691
6704
6708
6713
6720
6733
6734
6739
6742
6743
6751
6752
6760
6762
6767
6770
6772
6774
6780
6781
6784
6786
6789
6799
6801
6807
6812
6815
6817
6821
6827
6830
6835
6837
6839
6840
6843
6851
6857
6861
6862
6866
6876
6882
6884
6886
6893
6899
6902
6903
6915
6919
6921
6922
6923
6924
6927
6933
6937
6938
6939
6940
6947
6950
6954
6957
6959
6983
6984
6989
7005
7006
7013
7020
7025
7031
7052
7061
7070
7071
7072
7078
7079
7082
7099
7108
7109
7110
7114
7115
7120
7123
7124
7129
7140
7143
7147
7160
7162
7171
7176
7177
7181
7184
7189
7195
7197
7199
7210
7214
7221
7232
7236
7237
7248
7253
7254
7255
7262
7264
7269
7281
7291
7295
7296
7300
7305
7307
7316
7317
7324
7326
7327
7328
7330
7331
7333
7334
7351
7360
7361
7362
7363
7364
7368
7369
7375
7380
7381
7382
7385
7402
7404
7412
7417
7425
7442
7448
7450
7452
7464
7465
7466
7474
7476
7480
7487
7493
7497
7503
7506
7515
7518
7521
7530
7533
7539
7542
7556
7565
7582
7590
7593
7595
7606
7614
7622
7623
7626
7628
7641
7644
7645
7648
7651
7665
7666
7678
7683
7687
7701
7702
7707
7709
7714
7724
7725
7730
7731
7749
7773
7774
7776
7778
7785
7786
7790
7796
7802
7808
7810
7815
7819
7837
7840
7842
7844
7865
7870
7875
7877
7880
7883
7884
7895
7903
7905
7907
7922
7930
7934
7939
7967
7969
7975
7976
7984
7995
7998
8026
8035
8039
8044
8054
8058
8065
8069
8075
8084
8085
8090
8092
8113
8115
8125
8138
8140
8142
8144
8149
8152
8161
8181
8188
8196
8199
8202
8224
8225
8226
8250
8251
8256
8257
8260
8277
8285
8294
8302
8305
8307
8308
8312
8315
8319
8321
8327
8328
8332
8336
8342
8343
8344
8345
8357
8359
8375
8377
8382
8385
8410
8415
8420
8423
8435
8439
8443
8452
8453
8457
8470
8475
8513
8516
8518
8523
8531
8537
8538
8549
8553
8555
8559
8564
8569
8573
8574
8591
8603
8615
8623
8630
8649
8657
8663
8664
8665
8666
8669
8675
8684
8686
8692
8694
8700
8703
8710
8712
8722
8725
8727
8732
8739
8740
8749
8753
8755
8756
8762
8767
8771
8777
8783
8784
8794
8800
8807
8808
8820
8822
8824
8828
8829
8835
8837
8838
8839
8840
8849
8858
8860
8861
8863
8869
8870
8873
8875
8882
8883
8890
8894
8903
8912
8916
8926
8929
8932
8939
8941
8948
8950
8952
8953
8959
8963
8978
8985
8994
9000
9003
9011
9015
9026
9041
9044
9048
9058
9062
9065
9066
9073
9081
9085
9088
9089
9104
9118
9119
9121
9131
9134
9136
9139
9144
9146
9147
9162
9167
9181
9189
9195
9200
9210
9220
9229
9231
9236
9239
9256
9257
9258
9260
9269
9272
9280
9283
9285
9299
9300
9312
9313
9326
9334
9335
9339
9342
9362
9367
9369
9376
9377
9382
9387
9390
9392
9397
9406
9414
9415
9416
9424
9427
9434
9435
9436
9441
9442
9448
9454
9455
9459
9460
9461
9468
9469
9480
9483
9492
9494
9514
9516
9526
9538
9540
9551
9553
9557
9561
9562
9563
9564
9565
9567
9573
9581
9585
9587
9589
9591
9595
9597
9602
9606
9609
9612
9613
9615
9616
9619
9626
9627
9634
9637
9641
9642
9643
9653
9660
9673
9674
9685
9687
9688
9689
9692
9696
9701
9712
9724
9729
9756
9758
9761
9764
9769
9783
9789
9792
9795
9802
9808
9810
9812
9814
9820
9842
9843
9856
9857
9858
9867
9871
9875
9884
9891
9902
9910
9917
9918
9920
9930
9933
9935
9942
9943
9963
9968
9981
9983
10002
10004
10005
10006
10013
10016
10018
10019
10032
10034
10037
10044
10046
10052
10065
10067
10068
10074
10084
10104
10106
10109
10113
10128
10134
10135
10136
10152
10157
10158
10161
10166
10169
10174
10176
10180
10186
10188
10190
10204
10214
10215
10235
10241
10245
10246
10254
10264
10265
10267
10274
10282
10285
10300
10303
10305
10309
10311
10312
10314
10317
10318
10338
10339
10340
10342
10346
10351
10363
10366
10370
10371
10376
10379
10386
10392
10400
10401
10416
10420
10421
10424
10429
10432
10433
10438
10445
10475
10485
10487
10490
10497
10503
10506
10528
10529
10537
10562
10564
10565
10568
10575
10580
10601
10613
10618
10632
10638
10644
10649
10652
10655
10662
10669
10670
10684
10685
10688
10694
10695
10704
10705
10708
10718
10726
10728
10732
10739
10743
10747
10748
10752
10753
10757
10761
10773
10778
10784
10785
10786
10791
10793
10797
10802
10806
10807
10818
10819
10823
10827
10836
10838
10840
10846
10847
10850
10852
10862
10872
10876
10877
10881
10896
10900
10902
10908
10912
10918
10924
10927
10931
10936
10937
10938
10945
10947
10955
10958
10961
10962
10979
10984
10985
10986
10997
10998
11007
11026
11029
11048
11055
11056
11059
11062
11067
11068
11078
11083
11091
11095
11097
11101
11108
11113
11116
11117
11119
11123
11127
11132
11133
11141
11146
11148
11155
11169
11170
11173
11186
11200
11208
11215
11218
11221
11222
11227
11230
11233
11235
11237
11250
11256
11265
11266
11271
11277
11279
11290
11299
11303
11304
11305
11326
11330
11336
11344
11348
11353
11373
11374
11384
11385
11400
11410
11412
11414
11422
11424
11431
11432
11433
11436
11440
11442
11460
11462
11481
11485
11504
11509
11512
11517
11527
11536
11542
11552
11555
11557
11561
11565
11570
11571
11573
11584
11588
11592
11597
11604
11608
11613
11631
11638
11648
11662
11668
11671
11687
11694
11700
11702
11713
11714
11722
11731
11744
11745
11747
11758
11764
11780
11781
11784
11787
11790
11791
11795
11808
11810
11811
11812
11827
11832
11840
11844
11845
11846
11849
11853
11856
11860
11865
11866
11871
11873
11881
11887
11892
11895
11899
11904
11906
11913
11917
11928
11949
11955
11957
11962
11964
11967
11973
11979
11992
11998
12000
12004
12008
12012
12015
12017
12019
12027
12031
12033
12036
12037
12039
12044
12049
12052
12069
12076
12085
12087
12089
12092
12094
12097
12100
12105
12112
12114
12118
12121
12129
12133
12137
12140
12144
12147
12149
12151
12159
12160
12162
12165
12177
12184
12192
12193
12194
12197
12205
12224
12229
12231
12242
12246
12253
12258
12260
12261
12283
12290
12291
12297
12300
12308
12313
12314
12317
12328
12329
12330
12331
12334
12336
12339
12341
12342
12346
12352
12356
12361
12367
12370
12375
12393
12397
12404
12405
12406
12407
12420
12436
12439
12448
12450
12459
12464
12465
12466
12478
12488
12490
12494
12497
12500
12501
12506
12507
12511
12513
12519
12524
12534
12543
12544
12547
12555
12558
12559
12571
12576
12584
12585
12589
12590
12591
12602
12603
12605
12611
12628
12641
12653
12654
12655
12657
12662
12668
12669
12672
12678
12682
12686
12687
12689
12692
12693
12697
12709
12715
12717
12719
12722
12725
12726
12735
12741
12745
12747
12752
12760
12764
12768
12771
12780
12795
12797
12803
12811
12817
12821
12826
12830
12849
12855
12860
12866
12878
12880
12882
12884
12890
12906
12909
12910
12913
12914
12916
12927
12933
12934
12943
12947
12949
12952
12956
12961
12975
12981
13015
13018
13019
13020
13027
13028
13036
13038
13045
13049
13055
13063
13064
13073
13074
13080
13094
13096
13105
13110
13113
13116
13117
13123
13124
13128
13136
13137
13139
13143
13145
13166
13175
13188
13213
13214
13219
13221
13226
13227
13234
13235
13248
13251
13252
13261
13264
13265
13266
13268
13270
13271
13272
13277
13280
13284
13286
13287
13290
13295
13298
13306
13314
13320
13323
13329
13332
13340
13342
13349
13351
13366
13374
13378
13379
13381
13387
13388
13400
13401
13402
13407
13408
13412
13418
13419
13426
13428
13430
13434
13446
13447
13450
13456
13458
13464
13473
13479
13484
13494
13495
13498
13499
13502
13507
13519
13525
13529
13542
13555
13558
13560
13566
13570
13578
13580
13583
13587
13591
13598
13602
13604
13608
13614
13619
13624
13629
13632
13637
13640
13641
13642
13648
13660
13665
13668
13674
13678
13680
13682
13683
13686
13692
13695
13697
13699
13703
13704
13705
13706
13723
13724
13730
13736
13737
13738
13740
13746
13756
13769
13780
13783
13787
13805
13811
13813
13818
13820
13821
13824
13825
13827
13829
13831
13832
13833
13840
13843
13848
13852
13882
13889
13894
13899
13917
13921
13927
13931
13933
13942
13947
13953
13961
13963
13968
13989
14010
14012
14017
14021
14034
14037
14042
14043
14051
14059
14060
14065
14068
14070
14074
14105
14111
14115
14116
14119
14120
14125
14131
14133
14146
14151
14158
14160
14161
14166
14171
14172
14173
14177
14180
14183
14187
14192
14203
14214
14226
14236
14252
14257
14259
14260
14268
14277
14284
14286
14291
14307
14310
14314
14316
14319
14333
14337
14339
14342
14345
14351
14365
14372
14377
14378
14381
14393
14394
14397
14399
14401
14411
14413
14418
14422
14425
14426
14433
14449
14468
14469
14471
14501
14507
14509
14513
14516
14522
14527
14531
14535
14542
14547
14549
14552
14553
14554
14564
14569
14573
14579
14593
14607
14608
14621
14622
14633
14638
14643
14652
14655
14658
14659
14660
14671
14672
14676
14680
14687
14697
14703
14705
14729
14730
14736
14738
14756
14763
14765
14769
14777
14779
14786
14796
14798
14801
14805
14807
14812
14814
14818
14820
14837
14842
14843
14846
14903
14912
14914
14915
14926
14928
14944
14947
14950
14951
14958
14963
14985
14989
14995
15004
15005
15006
15012
15024
15025
15036
15038
15039
15044
15047
15052
15054
15056
15058
15067
15068
15069
15074
15077
15079
15083
15089
15091
15101
15105
15110
15123
15135
15136
15137
15138
15139
15143
15145
15149
15151
15162
15164
15168
15169
15176
15177
15179
15182
15184
15198
15208
15215
15238
15243
15251
15255
15259
15261
15266
15267
15273
15277
15278
15280
15281
15284
15292
15296
15297
15308
15311
15315
15320
15324
15325
15327
15328
15335
15347
15352
15362
15363
15364
15365
15367
15368
15369
15387
15398
15404
15406
15409
15414
15415
15420
15425
15442
15447
15448
15449
15450
15470
15473
15478
15482
15495
15498
15500
15501
15503
15504
15508
15511
15517
15527
15542
15545
15547
15552
15557
15558
15560
15566
15571
15572
15576
15579
15581
15582
15594
15597
15605
15617
15621
15630
15638
15644
15649
15651
15653
15656
15666
15668
15672
15675
15679
15683
15688
15693
15695
15698
15707
15708
15710
15712
15716
15723
15725
15726
15727
15730
15743
15757
15765
15769
15774
15778
15782
15784
15790
15795
15800
15802
15804
15809
15817
15825
15835
15840
15857
15860
15864
15866
15870
15877
15883
15884
15885
15888
15892
15902
15909
15914
15926
15945
15950
15957
15959
15965
15966
15974
15975
15976
15982
15986
15989
15993
16000
16003
16006
16007
16015
16016
16029
16031
16034
16035
16038
16040
16041
16044
16045
16051
16055
16069
16071
16075
16087
16088
16089
16090
16091
16096
16099
16102
16103
16105
16107
16110
16116
16121
16122
16125
16130
16133
16138
16152
16153
16161
16166
16169
16174
16176
16187
16189
16194
16195
16197
16199
16205
16210
16215
16223
16229
16234
16236
16238
16245
16246
16255
16257
16260
16262
16264
16273
16276
16280
16288
16294
16319
16326
16330
16333
16334
16338
16339
16343
16348
16360
16362
16365
16367
16373
16375
16392
16398
16399
16401
16417
16420
16426
16429
16432
16436
16439
16440
16449
16453
16463
16476
16478
16483
16488
16490
16497
16499
16500
16507
16522
16535
16543
16544
16550
16557
16558
16561
16566
16570
16572
16573
16576
16579
16580
16590
16591
16595
16599
16600
16602
16607
16612
16634
16635
16637
16650
16653
16656
16660
16670
16690
16699
16703
16715
16716
16720
16734
16738
16743
16751
16753
16756
16761
16768
16774
16783
16790
16791
16801
16804
16807
16810
16813
16815
16821
16829
16836
16841
16843
16856
16857
16858
16864
16865
16884
16885
16892
16898
16903
16907
16916
16927
16929
16931
16943
16947
16950
16952
16955
16957
16958
16959
16980
16994
16997
17003
17023
17030
17037
17047
17050
17057
17066
17068
17073
17074
17078
17080
17084
17093
17102
17105
17109
17110
17119
17126
17127
17133
17134
17135
17144
17145
17146
17152
17168
17169
17174
17176
17179
17187
17191
17195
17199
17203
17208
17211
17215
17217
17221
17222
17228
17233
17239
17244
17245
17249
17251
17257
17271
17275
17276
17277
17279
17293
17304
17318
17320
17321
17322
17324
17325
17335
17343
17349
17353
17375
17376
17377
17383
17399
17401
17405
17407
17408
17409
17413
17416
17422
17427
17429
17437
17438
17452
17461
17471
17485
17486
17489
17490
17494
17495
17498
17503
17509
17512
17516
17521
17525
17531
17532
17537
17540
17546
17550
17551
17553
17556
17562
17565
17567
17578
17580
17582
17584
17603
17604
17608
17610
17624
17630
17638
17649
17655
17659
17662
17670
17671
17678
17685
17687
17703
17709
17710
17722
17723
17724
17725
17728
17754
17765
17774
17775
17778
17779
17787
17792
17793
17800
17802
17813
17837
17838
17840
17851
17854
17859
17860
17879
17881
17885
17891
17895
17904
17906
17909
17910
17912
17913
17917
17922
17925
17938
17944
17945
17951
17960
17981
17984
17985
17992
17997
17998
18004
18011
18032
18034
18035
18039
18045
18046
18052
18053
18062
18063
18066
18075
18077
18091
18095
18099
18102
18104
18114
18129
18130
18132
18142
18143
18146
18147
18148
18158
18167
18168
18181
18182
18189
18193
18197
18200
18205
18207
18210
18214
18218
18220
18221
18236
18240
18241
18249
18259
18262
18270
18276
18277
18280
18296
18306
18308
18310
18313
18319
18328
18331
18333
18337
18342
18350
18354
18357
18376
18378
18379
18381
18384
18391
18395
18402
18409
18412
18424
18435
18444
18454
18457
18461
18465
18469
18474
18483
18500
18505
18515
18519
18523
18526
18529
18530
18534
18535
18543
18545
18550
18551
18555
18558
18559
18564
18569
18571
18572
18573
18579
18590
18600
18605
18608
18613
18615
18629
18644
18650
18658
18662
18670
18675
18676
18679
18682
18685
18687
18690
18693
18706
18708
18712
18714
18717
18719
18720
18728
18744
18753
18756
18757
18760
18763
18768
18769
18771
18776
18780
18784
18786
18801
18811
18816
18817
18818
18831
18842
18843
18845
18846
18853
18854
18859
18861
18864
18868
18873
18880
18884
18887
18890
18902
18913
18916
18920
18927
18933
18935
18936
18938
18945
18951
18962
18968
18969
18970
18972
18975
18978
18980
18995
18998
19000
19009
19015
19017
19020
19025
19027
19037
19043
19048
19052
19053
19057
19063
19073
19074
19077
19085
19093
19095
19096
19102
19108
19109
19111
19112
19118
19121
19126
19130
19136
19138
19140
19144
19151
19157
19160
19170
19172
19175
19176
19177
19192
19195
19196
19201
19203
19218
19220
19240
19241
19245
19251
19254
19259
19261
19264
19265
19266
19273
19277
19282
19290
19293
19310
19319
19323
19326
19333
19337
19352
19364
19365
19369
19373
19376
19380
19382
19394
19397
19399
19400
19401
19406
19407
19408
19417
19418
19422
19428
19429
19436
19442
19448
19453
19457
19466
19477
19480
19488
19490
19494
19498
19501
19502
19505
19513
19514
19527
19528
19537
19553
19564
19566
19570
19574
19575
19576
19577
19580
19584
19586
19589
19599
19610
19612
19619
19621
19626
19629
19630
19633
19636
19637
19638
19642
19653
19667
19672
19678
19680
19682
19687
19694
19708
19711
19716
19722
19724
19725
19740
19744
19749
19751
19753
19774
19783
19784
19787
19788
19795
19800
19814
19815
19816
19818
19820
19823
19825
19828
19837
19839
19843
19848
19863
19864
19873
19874
19881
19885
19887
19889
19890
19892
19894
19897
19915
19920
19928
19947
19948
19951
19952
19954
19961
19972
19976
19982
19992
19995
19997
19999
20004
20005
20009
20021
20024
20039
20042
20046
20050
20052
20059
20061
20087
20088
20097
20103
20104
20113
20122
20124
20127
20129
20130
20135
20141
20150
20154
20156
20158
20176
20177
20178
20188
20190
20193
20196
20198
20206
20207
20208
20213
20233
20234
20236
20241
20242
20258
20267
20271
20288
20294
20299
20301
20309
20312
20316
20317
20318
20325
20342
20343
20348
20354
20362
20368
20370
20373
20378
20394
20401
20403
20405
20406
20408
20410
20414
20417
20419
20421
20425
20427
20445
20453
20455
20457
20458
20459
20464
20467
20471
20476
20480
20483
20484
20496
20509
20519
20523
20524
20525
20532
20545
20561
20563
20566
20570
20572
20580
20586
20594
20598
20600
20601
20622
20626
20630
20642
20649
20651
20671
20676
20682
20684
20693
20698
20704
20705
20714
20719
20729
20732
20738
20744
20756
20758
20759
20763
20768
20774
20778
20788
20794
20804
20807
20824
20826
20828
20830
20835
20854
20857
20859
20865
20879
20888
20889
20897
20899
20909
20912
20913
20914
20924
20929
20934
20952
20962
20963
20971
20972
20976
20985
20991
20995
21011
21014
21015
21016
21018
21034
21036
21039
21044
21047
21056
21060
21067
21070
21079
21080
21081
21083
21087
21093
21097
21098
21102
21109
21118
21126
21129
21135
21140
21141
21144
21146
21153
21156
21157
21160
21166
21168
21169
21175
21180
21181
21182
21187
21195
21202
21208
21220
21222
21223
21224
21227
21237
21246
21249
21250
21255
21257
21261
21270
21278
21280
21282
21298
21299
21300
21304
21309
21311
21312
21316
21319
21322
21325
21328
21332
21338
21349
21351
21353
21362
21363
21367
21369
21378
21380
21384
21389
21394
21396
21397
21398
21399
21410
21411
21418
21419
21421
21422
21423
21425
21444
21452
21454
21478
21498
21504
21507
21510
21511
21512
21513
21515
21517
21530
21537
21550
21554
21562
21564
21565
21566
21569
21570
21578
21584
21609
21614
21620
21621
21624
21625
21632
21637
21644
21647
21653
21665
21670
21672
21687
21699
21700
21708
21711
21736
21737
21742
21744
21746
21748
21749
21755
21756
21760
21764
21765
21777
21778
21795
21800
21802
21820
21843
21845
21855
21870
21871
21877
21882
21885
21886
21892
21895
21898
21904
21926
21941
21943
21945
21946
21947
21954
21958
21960
21970
21976
21977
21995
22002
22003
22019
22027
22028
22029
22033
22034
22037
22046
22047
22063
22065
22068
22077
22083
22085
22091
22093
22095
22097
22098
22108
22126
22135
22140
22141
22146
22154
22169
22170
22176
22179
22189
22191
22192
22207
22210
22212
22216
22218
22223
22229
22236
22244
22246
22249
22251
22256
22258
22261
22267
22274
22276
22284
22300
22301
22304
22305
22306
22320
22328
22333
22334
22339
22342
22346
22348
22351
22353
22354
22363
22364
22367
22369
22376
22379
22385
22401
22402
22403
22405
22409
22410
22411
22418
22429
22430
22431
22432
22434
22449
22451
22460
22470
22477
22480
22483
22488
22498
22500
22508
22509
22517
22518
22520
22524
22542
22547
22567
22580
22582
22590
22593
22596
22601
22602
22606
22609
22612
22621
22625
22633
22637
22661
22668
22671
22675
22678
22680
22690
22697
22702
22703
22706
22709
22721
22723
22724
22730
22741
22743
22745
22755
22757
22761
22763
22765
22771
22774
22775
22779
22784
22785
22789
22790
22793
22810
22816
22819
22824
22833
22834
22856
22857
