3
5
6
7
10
11
12
17
19
23
26
27
35
37
42
44
49
50
51
53
65
66
70
71
74
79
81
84
86
90
93
94
97
100
105
110
111
113
123
125
126
127
132
133
143
144
145
146
150
154
157
164
165
168
169
173
176
178
182
183
185
188
189
190
192
196
197
203
205
206
207
209
211
213
218
220
225
226
233
238
240
243
248
249
254
255
258
262
264
268
269
272
273
276
279
285
288
289
291
293
294
295
296
299
302
307
308
312
324
326
343
344
347
350
352
356
362
366
370
377
381
388
389
391
392
394
397
399
400
402
403
404
410
411
412
414
416
417
426
427
428
434
436
440
443
444
448
451
456
457
459
462
464
467
471
472
477
479
481
490
497
499
501
506
513
514
515
523
524
526
529
530
531
535
536
539
541
542
548
550
551
560
563
565
574
581
584
585
589
590
599
600
608
611
613
617
623
624
625
627
630
632
634
635
636
641
645
652
653
657
668
674
677
688
690
700
702
703
704
705
709
718
720
723
725
727
728
731
732
736
738
739
741
744
747
754
756
757
758
760
764
767
768
769
770
772
773
777
782
783
788
789
793
794
800
805
807
811
819
821
822
823
828
829
832
835
836
842
844
845
846
850
852
853
856
858
862
864
865
873
875
877
882
883
886
888
889
890
892
894
896
897
898
905
907
912
914
915
917
918
919
922
924
927
928
929
930
935
941
943
950
952
960
963
965
967
968
971
973
978
991
994
998
1002
1004
1005
1006
1007
1010
1012
1013
1016
1024
1028
1029
1036
1039
1046
1053
1055
1056
1058
1060
1063
1066
1073
1074
1080
1085
1093
1094
1095
1097
1104
1105
1112
1113
1123
1124
1126
1128
1129
1130
1131
1138
1141
1143
1146
1148
1149
1151
1154
1168
1173
1174
1176
1179
1185
1189
1193
1194
1196
1197
1198
1199
1202
1207
1213
1216
1219
1223
1236
1237
1238
1241
1244
1253
1256
1266
1267
1268
1270
1278
1280
1284
1290
1296
1305
1306
1307
1309
1311
1317
1318
1319
1320
1322
1326
1330
1336
1337
1346
1347
1356
1357
1358
1368
1371
1372
1377
1379
1381
1382
1383
1386
1391
1392
1395
1396
1398
1401
1402
1407
1411
1412
1415
1420
1423
1426
1427
1428
1429
1431
1435
1442
1446
1448
1457
1463
1466
1467
1470
1476
1478
1480
1482
1489
1492
1493
1497
1502
1503
1504
1506
1512
1518
1522
1528
1530
1534
1542
1543
1547
1552
1553
1554
1557
1559
1560
1564
1566
1568
1571
1578
1583
1592
1596
1608
1609
1613
1617
1620
1621
1628
1630
1633
1636
1638
1639
1640
1643
1645
1646
1648
1651
1653
1657
1659
1665
1669
1678
1679
1680
1681
1684
1691
1693
1696
1702
1709
1714
1716
1722
1724
1728
1732
1735
1736
1744
1749
1752
1756
1760
1761
1765
1768
1776
1780
1783
1787
1788
1789
1791
1794
1796
1798
1799
1803
1804
1809
1811
1820
1824
1826
1829
1831
1832
1835
1837
1844
1849
1854
1855
1860
1861
1864
1865
1868
1873
1874
1875
1877
1878
1886
1888
1889
1897
1901
1904
1905
1909
1918
1919
1920
1926
1928
1932
1942
1944
1947
1948
1951
1953
1956
1958
1962
1965
1968
1972
1977
1984
1988
1989
1990
1996
1999
2000
2004
2008
2013
2015
2019
2022
2026
2032
2035
2040
2042
2044
2046
2053
2054
2056
2059
2060
2065
2072
2077
2078
2079
2081
2092
2095
2101
2103
2110
2113
2121
2124
2128
2135
2139
2150
2151
2157
2159
2164
2165
2168
2170
2173
2176
2178
2180
2184
2185
2194
2195
2200
2203
2212
2216
2220
2221
2222
2225
2226
2227
2230
2231
2234
2236
2238
2243
2248
2249
2256
2261
2270
2271
2272
2275
2276
2277
2278
2281
2290
2295
2301
2305
2307
2308
2310
2314
2321
2326
2329
2338
2339
2341
2344
2347
2350
2351
2352
2357
2361
2363
2367
2369
2376
2378
2382
2387
2388
2392
2394
2396
2401
2407
2408
2409
2411
2412
2413
2417
2418
2421
2432
2436
2438
2439
2441
2442
2444
2454
2461
2463
2470
2472
2475
2478
2480
2481
2484
2490
2494
2507
2508
2511
2514
2519
2520
2521
2522
2525
2531
2532
2533
2536
2545
2549
2550
2552
2553
2555
2557
2558
2559
2573
2574
2576
2578
2579
2580
2581
2582
2583
2587
2591
2593
2596
2601
2604
2607
2609
2616
2617
2618
2620
2622
2624
2629
2630
2632
2635
2638
2640
2646
2648
2653
2654
2662
2663
2664
2676
2684
2687
2690
2692
2693
2694
2703
2705
2710
2714
2722
2727
2730
2731
2734
2740
2747
2750
2751
2753
2757
2768
2776
2780
2787
2789
2790
2796
2797
2798
2799
2800
2806
2808
2812
2814
2815
2816
2822
2829
2830
2831
2846
2848
2849
2851
2853
2859
2863
2865
2866
2868
2872
2875
2879
2880
2883
2890
2894
2898
2899
2900
2903
2908
2913
2914
2917
2919
2921
2922
2926
2928
2932
2933
2937
2938
2940
2942
2943
2945
2950
2953
2957
2960
2964
2972
2975
2976
2978
2983
2989
2990
2997
3002
3011
3013
3014
3018
3019
3021
3023
3024
3027
3032
3034
3038
3039
3044
3045
3049
3053
3056
3060
3061
3062
3066
3069
3073
3076
3078
3086
3094
3095
3097
3098
3102
3103
3104
3113
3115
3117
3119
3123
3126
3128
3129
3131
3135
3142
3147
3149
3152
3153
3156
3160
3165
3168
3173
3174
3184
3187
3188
3189
3191
3192
3199
3203
3204
3205
3207
3208
3209
3212
3213
3214
3216
3217
3220
3222
3228
3229
3233
3234
3242
3243
3247
3250
3254
3255
3259
3261
3262
3264
3265
3266
3271
3273
3278
3285
3298
3300
3309
3310
3312
3313
3315
3317
3321
3324
3329
3331
3332
3333
3338
3340
3343
3345
3346
3348
3351
3359
3362
3366
3372
3379
3397
3399
3402
3407
3413
3416
3419
3421
3424
3428
3429
3430
3432
3443
3446
3449
3451
3455
3467
3471
3472
3473
3474
3477
3480
3481
3483
3486
3490
3494
3495
3497
3501
3502
3506
3508
3509
3511
3513
3517
3519
3522
3523
3524
3526
3529
3530
3545
3548
3549
3554
3562
3565
3568
3569
3571
3573
3575
3579
3580
3582
3583
3590
3591
3592
3593
3597
3599
3600
3602
3605
3608
3609
3612
3613
3615
3617
3618
3626
3628
3632
3633
3642
3643
3645
3650
3655
3656
3657
3658
3662
3665
3666
3670
3675
3676
3679
3680
3685
3686
3689
3690
3696
3697
3699
3701
3704
3713
3727
3728
3729
3731
3740
3745
3748
3749
3752
3756
3760
3761
3766
3770
3772
3776
3778
3781
3784
3792
3796
3797
3799
3806
3815
3816
3817
3824
3825
3830
3833
3834
3841
3844
3846
3849
3852
3854
3855
3856
3872
3880
3881
3883
3885
3886
3887
3896
3902
3907
3908
3914
3917
3919
3920
3921
3924
3925
3931
3933
3938
3947
3954
3956
3961
3962
3966
3977
3978
3984
3991
3995
3997
4003
4010
4013
4018
4020
4023
4024
4030
4034
4038
4040
4042
4053
4054
4064
4065
4066
4071
4072
4075
4078
4091
4093
4095
4112
4119
4122
4129
4135
4136
4137
4138
4142
4143
4147
4151
4153
4154
4160
4162
4166
4167
4168
4173
4177
4182
4183
4184
4186
4187
4195
4199
4203
4206
4209
4212
4218
4220
4223
4225
4227
4228
4229
4232
4235
4246
4247
4249
4255
4267
4268
4269
4277
4280
4281
4284
4286
4287
4292
4299
4300
4302
4309
4310
4315
4316
4319
4323
4325
4327
4331
4335
4339
4342
4344
4348
4351
4352
4353
4354
4360
4369
4373
4374
4378
4379
4380
4385
4398
4404
4410
4411
4418
4422
4426
4433
4434
4439
4440
4442
4443
4447
4450
4451
4453
4461
4468
4472
4474
4488
4492
4496
4502
4503
4505
4509
4512
4527
4532
4533
4538
4539
4540
4543
4544
4555
4562
4564
4565
4578
4580
4581
4586
4592
4595
4598
4599
4601
4612
4613
4619
4621
4623
4630
4631
4632
4633
4634
4636
4638
4641
4642
4643
4645
4647
4648
4649
4650
4653
4655
4659
4663
4664
4665
4666
4669
4670
4674
4675
4677
4679
4680
4682
4685
4688
4689
4694
4695
4697
4698
4709
4711
4713
4715
4716
4718
4719
4720
4729
4730
4734
4744
4745
4747
4750
4764
4765
4766
4780
4786
4789
4791
4792
4794
4795
4802
4805
4807
4808
4813
4815
4817
4820
4821
4823
4824
4825
4828
4829
4830
4831
4833
4841
4844
4853
4854
4857
4861
4864
4865
4866
4867
4868
4873
4878
4880
4882
4891
4894
4898
4899
4907
4908
4909
4916
4924
4935
4938
4939
4952
4954
4955
4964
4969
4970
4971
4974
4976
4977
4980
4982
4984
4989
4995
4996
4997
4998
5001
5005
5008
5010
5016
5018
5029
5031
5033
5035
5040
5041
5047
5052
5054
5055
5056
5061
5062
5067
5068
5069
5072
5075
5076
5081
5083
5086
5089
5090
5091
5094
5095
5098
5099
5105
5107
5109
5110
5115
5118
5121
5130
5131
5133
5135
5138
5141
5143
5145
5146
5158
5164
5166
5167
5170
5175
5176
5177
5178
5179
5183
5186
5188
5195
5198
5201
5204
5207
5212
5215
5221
5232
5233
5237
5244
5246
5247
5249
5251
5254
5257
5260
5261
5263
5265
5268
5271
5274
5294
5297
5299
5302
5304
5310
5312
5314
5321
5325
5329
5331
5336
5340
5343
5348
5349
5350
5354
5363
5367
5375
5380
5382
5383
5385
5386
5398
5399
5400
5402
5403
5409
5419
5441
5449
5450
5451
5453
5455
5458
5462
5468
5469
5472
5474
5475
5480
5483
5484
5487
5488
5493
5494
5495
5501
5512
5516
5518
5525
5529
5530
5532
5533
5543
5548
5555
5558
5567
5568
5574
5577
5578
5581
5590
5593
5594
5597
5605
5609
5614
5625
5631
5632
5633
5634
5637
5638
5642
5644
5648
5653
5657
5658
5670
5672
5673
5675
5679
5685
5689
5690
5693
5695
5696
5704
5713
5715
5720
5722
5724
5725
5727
5731
5737
5742
5744
5747
5749
5752
5755
5763
5766
5773
5780
5784
5787
5792
5794
5797
5801
5802
5807
5813
5814
5816
5821
5822
5824
5826
5830
5831
5835
5837
5838
5840
5842
5843
5847
5848
5850
5851
5852
5858
5865
5866
5867
5872
5883
5884
5886
5887
5896
5898
5899
5901
5906
5913
5914
5915
5918
5920
5921
5929
5933
5940
5941
5945
5946
5947
5948
5949
5951
5962
5967
5974
5975
5976
5982
5989
5993
5994
5997
5999
6000
6004
6005
6007
6008
6009
6010
6014
6023
6025
6026
6028
6029
6031
6032
6034
6044
6048
6051
6052
6058
6066
6080
6086
6093
6100
6104
6106
6117
6121
6122
6124
6125
6132
6133
6136
6139
6142
6148
6152
6154
6155
6159
6166
6171
6172
6177
6178
6181
6183
6186
6196
6201
6205
6212
6213
6214
6221
6222
6233
6234
6237
6240
6241
6244
6250
6252
6254
6256
6257
6259
6262
6263
6265
6267
6274
6279
6289
6290
6298
6305
6306
6307
6309
6310
6312
6315
6316
6322
6323
6324
6327
6331
6334
6337
6341
6343
6344
6350
6351
6352
6353
6358
6362
6363
6369
6371
6374
6375
6376
6378
6383
6385
6389
6392
6393
6394
6402
6407
6413
6414
6418
6421
6423
6425
6426
6431
6432
6434
6435
6437
6439
6447
6450
6452
6454
6458
6459
6460
6462
6466
6468
6470
6471
6472
6473
6477
6480
6484
6491
6496
6501
6502
6504
6506
6507
6509
6513
6517
6519
6520
6523
6524
6534
6538
6539
6544
6548
6552
6554
6555
6557
6559
6561
6562
6563
6569
6570
6573
6574
6575
6580
6581
6582
6583
6586
6587
6589
6590
6595
6599
6602
6603
6607
6611
6613
6614
6630
6631
6632
6640
6646
6653
6658
6663
6664
6665
6676
6678
6679
6680
6684
6685
6689
6692
6695
6697
6699
6703
6705
6711
6712
6722
6723
6725
6726
6729
6731
6734
6736
6737
6738
6741
6743
6746
6751
6752
6753
6759
6763
6770
6771
6772
6776
6781
6789
6792
6795
6796
6804
6806
6807
6811
6814
6815
6816
6822
6828
6829
6830
6834
6835
6837
6838
6842
6844
6845
6852
6859
6862
6866
6870
6874
6875
6880
6881
6883
6886
6889
6894
6895
6899
6905
6916
6919
6922
6925
6929
6935
6943
6945
6951
6952
6955
6959
6963
6964
6965
6966
6968
6969
6977
6980
6981
6983
6985
6986
6990
6992
6997
7005
7006
7008
7009
7015
7017
7018
7021
7030
7034
7037
7044
7054
7057
7058
7061
7063
7068
7069
7070
7080
7085
7090
7092
7094
7099
7101
7102
7116
7118
7119
7120
7129
7134
7140
7142
7156
7169
7170
7172
7176
7179
7183
7186
7193
7195
7197
7206
7207
7209
7212
7214
7221
7226
7228
7235
7236
7237
7238
7241
7242
7245
7246
7248
7251
7255
7257
7267
7269
7270
7274
7275
7278
7282
7283
7288
7290
7291
7295
7301
7305
7307
7313
7315
7319
7325
7331
7343
7344
7347
7348
7352
7356
7360
7363
7369
7373
7376
7377
7387
7388
7391
7393
7399
7402
7404
7405
7411
7415
7416
7418
7424
7426
7427
7429
7434
7439
7441
7442
7469
7472
7473
7477
7479
7481
7483
7491
7496
7498
7508
7515
7520
7522
7527
7529
7536
7539
7540
7555
7557
7564
7570
7574
7576
7578
7580
7590
7597
7600
7601
7602
7603
7615
7622
7625
7626
7627
7631
7633
7639
7645
7646
7657
7662
7667
7670
7672
7673
7674
7675
7679
7682
7687
7690
7693
7696
7698
7701
7704
7706
7714
7715
7726
7729
7732
7733
7735
7736
7743
7745
7749
7758
7759
7761
7762
7763
7765
7767
7772
7775
7791
7792
7793
7801
7803
7805
7816
7818
7820
7822
7826
7830
7835
7837
7840
7847
7854
7855
7856
7859
7876
7877
7878
7879
7884
7886
7887
7889
7891
7892
7897
7898
7899
7905
7908
7914
7915
7925
7932
7939
7943
7953
7956
7959
7960
7968
7973
7977
7980
7982
7985
7991
8001
8003
8006
8015
8016
8034
8035
8039
8041
8042
8053
8056
8060
8067
8069
8072
8073
8074
8080
8082
8084
8085
8088
8089
8090
8091
8093
8105
8107
8108
8119
8122
8125
8126
8128
8134
8135
8140
8141
8142
8144
8145
8148
8161
8164
8168
8169
8171
8173
8176
8177
8178
8181
8182
8184
8185
8191
8194
8196
8200
8208
8212
8216
8226
8228
8229
8233
8234
8248
8250
8251
8252
8256
8257
8259
8261
8262
8269
8270
8276
8278
8287
8290
8297
8307
8308
8310
8314
8315
8317
8318
8319
8321
8324
8329
8331
8339
8347
8349
8352
8353
8355
8357
8363
8366
8373
8375
8381
8382
8386
8388
8390
8394
8397
8402
8405
8410
8413
8414
8422
8423
8425
8426
8429
8436
8437
8438
8442
8444
8449
8450
8451
8453
8455
8461
8466
8467
8468
8470
8472
8476
8482
8489
8490
8493
8496
8497
8501
8503
8508
8509
8510
8513
8514
8516
8518
8520
8529
8530
8537
8540
8541
8544
8545
8550
8553
8554
8556
8559
8560
8561
8564
8574
8578
8580
8581
8585
8592
8602
8604
8605
8607
8612
8616
8618
8619
8621
8622
8630
8631
8633
8636
8637
8639
8640
8641
8643
8644
8649
8650
8656
8658
8659
8667
8673
8678
8689
8690
8695
8699
8701
8703
8705
8707
8712
8732
8735
8738
8739
8742
8751
8753
8755
8756
8757
8763
8766
8767
8773
8777
8780
8782
8790
8800
8809
8810
8812
8816
8817
8818
8820
8823
8827
8829
8832
8834
8835
8837
8839
8840
8842
8843
8844
8845
8848
8849
8854
8855
8856
8857
8861
8867
8870
8871
8873
8878
8880
8881
8883
8887
8889
8892
8895
8902
8906
8912
8915
8916
8918
8921
8925
8927
8928
8930
8932
8937
8947
8949
8950
8951
8952
8954
8963
8965
8969
8970
8971
8972
8975
8977
8980
8982
8983
8987
8988
8989
8993
8996
8999
9002
9004
9013
9014
9016
9036
9037
9043
9045
9048
9050
9052
9053
9059
9060
9061
9062
9065
9078
9079
9084
9085
9088
9089
9090
9092
9093
9098
9099
9103
9107
9108
9111
9113
9114
9116
9121
9128
9131
9135
9136
9138
9139
9141
9144
9145
9148
9153
9154
9155
9157
9165
9168
9169
9175
9176
9184
9188
9197
9198
9205
9209
9211
9216
9217
9218
9224
9225
9229
9230
9231
9232
9246
9252
9253
9262
9265
9268
9269
9273
9274
9277
9279
9282
9284
9285
9286
9287
9293
9299
9300
9312
9317
9328
9329
9330
9333
9336
9339
9342
9345
9350
9352
9355
9357
9358
9362
9363
9364
9365
9366
9367
9368
9375
9376
9377
9380
9381
9388
9391
9396
9397
9399
9402
9405
9413
9417
9419
9424
9427
9428
9430
9435
9436
9437
9439
9442
9443
9446
9447
9453
9455
9458
9459
9463
9469
9470
9474
9475
9477
9478
9480
9482
9484
9486
9488
9491
9492
9493
9497
9498
9501
9504
9505
9514
9528
9529
9533
9535
9537
9539
9544
9546
9548
9549
9550
9551
9560
9562
9563
9567
9570
9571
9572
9574
9576
9578
9580
9585
9587
9592
9593
9597
9608
9610
9619
9621
9631
9634
9640
9645
9649
9652
9656
9668
9672
9674
9677
9681
9685
9687
9688
9690
9691
9695
9697
9702
9710
9712
9713
9715
9720
9723
9726
9727
9728
9730
9736
9738
9741
9750
9751
9761
9763
9775
9779
9781
9782
9785
9788
9791
9792
9794
9795
9800
9803
9806
9810
9812
9813
9816
9820
9823
9826
9828
9829
9830
9839
9842
9850
9853
9854
9857
9861
9864
9868
9869
9871
9872
9880
9881
9887
9888
9891
9896
9898
9899
9900
9901
9906
9910
9914
9917
9918
9925
9929
9932
9933
9934
9935
9939
9941
9942
9943
9946
9948
9955
9958
9962
9965
9970
9972
9973
9975
9976
9995
9996
9998
9999
10004
10012
10013
10020
10025
10028
10029
10037
10041
10043
10052
10053
10057
10058
10061
10062
10063
10067
10068
10075
10076
10083
10084
10091
10093
10094
10095
10098
10100
10101
10102
10103
10104
10108
10112
10113
10117
10118
10126
10129
10131
10132
10133
10136
10141
10143
10145
10146
10147
10152
10154
10159
10167
10173
10175
10184
10185
10192
10194
10196
10197
10201
10204
10208
10213
10220
10222
10223
10227
10229
10231
10237
10245
10247
10250
10254
10262
10267
10268
10269
10270
10276
10277
10279
10281
10282
10284
10293
10294
10295
10299
10300
10303
10307
10308
10310
10315
10316
10319
10320
10326
10328
10352
10355
10358
10361
10366
10370
10372
10383
10389
10391
10392
10393
10394
10400
10412
10414
10415
10417
10423
10425
10428
10433
10435
10437
10441
10443
10447
10457
10458
10462
10467
10478
10482
10487
10493
10494
10498
10502
10505
10506
10514
10519
10521
10522
10523
10525
10529
10531
10534
10536
10541
10547
10549
10555
10556
10557
10559
10561
10565
10566
10567
10568
10569
10570
10571
10572
10573
10574
10575
10579
10585
10588
10591
10597
10598
10604
10605
10607
10609
10611
10612
10614
10624
10626
10633
10636
10639
10642
10646
10647
10649
10666
10668
10675
10682
10689
10695
10697
10701
10703
10708
10710
10711
10723
10732
10736
10739
10740
10741
10742
10743
10745
10746
10747
10750
10754
10759
10760
10764
10765
10768
10772
10773
10775
10777
10784
10791
10792
10796
10797
10799
10801
10805
10810
10816
10819
10825
10826
10829
10832
10839
10846
10850
10853
10859
10863
10866
10867
10876
10878
10879
10881
10883
10884
10888
10891
10894
10908
10909
10910
10928
10938
10939
10942
10947
10949
10956
10957
10958
10962
10963
10964
10972
10974
10976
10984
10987
10993
10994
10996
11006
11011
11024
11028
11030
11031
11040
11043
11045
11049
11050
11055
11056
11061
11067
11082
11087
11097
11100
11116
11120
11123
11130
11135
11137
11139
11142
11143
11149
11155
11161
11165
11167
11168
11171
11172
11173
11179
11185
11186
11187
11191
11195
11200
11209
11215
11216
11218
11223
11226
11227
11232
11233
11239
11247
11249
11252
11254
11265
11268
11271
11273
11276
11278
11279
11287
11288
11291
11296
11298
11299
11300
11305
11307
11310
11311
11322
11323
11324
11325
11327
11332
11339
11346
11347
11349
11350
11352
11353
11354
11365
11371
11376
11379
11388
11393
11397
11400
11407
11408
11414
11422
11426
11428
11434
11445
11447
11456
11457
11460
11461
11466
11468
11470
11471
11474
11477
11483
11485
11486
11492
11493
11496
11500
11501
11504
11505
11508
11513
11518
11520
11521
11528
11530
11531
11535
11537
11539
11543
11545
11547
11550
11554
11563
11564
11565
11567
11568
11574
11579
11582
11584
11588
11590
11594
11595
11600
11601
11602
11606
11607
11608
11615
11621
11626
11627
11630
11631
11633
11634
11636
11638
11641
11647
11648
11664
11665
11670
11672
11673
11676
11677
11685
11690
11691
11692
11699
11700
11701
11704
11707
11711
11717
11720
11722
11727
11729
11731
11732
11736
11737
11741
11743
11746
11752
11756
11761
11762
11769
11772
11776
11784
11785
11788
11789
11795
11798
11805
11820
11823
11829
11831
11832
11834
11837
11842
11844
11846
11853
11857
11863
11866
11868
11873
11876
11879
11881
11887
11888
11901
11902
11904
11906
11912
11915
11922
11923
11928
11938
11944
11949
11950
11955
11956
11959
11965
11970
11972
11973
11976
11979
11982
11983
11998
11999
12006
12011
12017
12025
12027
12028
12031
12034
12036
12037
12039
12040
12042
12046
12047
12052
12055
12056
12058
12060
12067
12068
12069
12072
12074
12078
12080
12082
12086
12087
12092
12093
12099
12102
12104
12105
12106
12107
12116
12119
12124
12128
12139
12141
12147
12148
12149
12150
12152
12153
12154
12155
12159
12177
12185
12190
12192
12197
12204
12205
12215
12236
12240
12241
12243
12246
12249
12255
12257
12260
12266
12267
12268
12271
12273
12278
12281
12282
12287
12288
12292
12296
12298
12302
12308
12311
12320
12333
12334
12338
12340
12342
12344
12351
12353
12356
12358
12360
12368
12371
12375
12382
12384
12389
12390
12391
12397
12402
12403
12412
12419
12420
12423
12424
12429
12434
12439
12443
12444
12447
12448
12449
12450
12452
12453
12458
12463
12474
12475
12477
12484
12485
12486
12491
12493
12494
12495
12503
12514
12515
12516
12520
12526
12530
12537
12538
12542
12543
12549
12556
12563
12564
12565
12568
12571
12572
12573
12580
12581
12582
12585
12594
12596
12599
12601
12616
12617
12623
12625
12626
12627
12632
12633
12634
12635
12636
12639
12653
12655
12656
12657
12659
12660
12661
12662
12680
12683
12685
12689
12690
12691
12696
12697
12699
12703
12705
12708
12710
12711
12716
12721
12723
12724
12725
12728
12731
12735
12738
12752
12760
12778
12779
12782
12787
12788
12790
12791
12795
12803
12807
12809
12813
12818
12820
12822
12823
12829
12831
12832
12838
12839
12840
12842
12845
12847
12848
12853
12855
12857
12861
12862
12868
12872
12874
12877
12879
12886
12888
12889
12894
12897
12898
12900
12901
12902
12903
12905
12917
12921
12922
12924
12926
12932
12936
12937
12942
12950
12951
12954
12958
12959
12963
12966
12977
12982
12984
12985
12986
12990
12992
12996
12998
12999
13000
13002
13005
13008
13009
13012
13014
13018
13021
13024
13025
13026
13029
13031
13032
13033
13034
13043
13048
13049
13058
13059
13061
13068
13071
13072
13073
13074
13077
13085
13086
13091
13092
13093
13097
13102
13104
13108
13111
13114
13115
13118
13119
13121
13124
13126
13127
13129
13130
13136
13141
13144
13148
13150
13151
13152
13155
13156
13164
13166
13167
13168
13172
13180
13183
13184
13186
13187
13188
13189
13191
13194
13198
13202
13204
13205
13210
13212
13215
13218
13219
13220
13226
13236
13242
13244
13245
13249
13251
13253
13254
13259
13261
13262
13263
13265
13269
13270
13275
13277
13278
13283
13285
13286
13292
13295
13300
13301
13310
13312
13313
13324
13331
13335
13337
13338
13339
13340
13341
13343
13347
13348
13354
13355
13356
13358
13359
13360
13368
13371
13373
13376
13377
13379
13380
13384
13389
13390
13393
13398
13399
13401
13403
13405
13412
13414
13416
13421
13422
13429
13433
13436
13445
13448
13452
13453
13459
13466
13469
13471
13473
13474
13477
13481
13482
13487
13493
13502
13511
13513
13515
13523
13524
13525
13528
13529
13535
13542
13546
13547
13551
13553
13555
13559
13561
13562
13564
13567
13572
13575
13579
13582
13588
13598
13600
13602
13605
13614
13615
13620
13623
13629
13636
13653
13654
13655
13657
13659
13660
13661
13664
13678
13680
13682
13684
13687
13692
13696
13697
13700
13702
13705
13712
13720
13721
13722
13727
13728
13753
13755
13760
13762
13767
13770
13780
13784
13790
13791
13797
13800
13804
13808
13809
13811
13817
13818
13821
13826
13830
13838
13839
13843
13844
13845
13846
13850
13854
13856
13858
13859
13860
13861
13862
13866
13870
13871
13875
13879
13884
13890
13891
13893
13894
13899
13900
13901
13907
13914
13915
13917
13918
13928
13936
13939
13940
13941
13949
13950
13955
13963
13965
13966
13968
13974
13975
13984
13985
13988
13991
13993
13994
13995
14001
14002
14005
14011
14014
14015
14019
14023
14027
14028
14031
14035
14036
14037
14038
14044
14046
14052
14055
14057
14062
14064
14066
14068
14071
14082
14085
14086
14087
14089
14095
14097
14101
14104
14107
14109
14117
14122
14123
14124
14129
14130
14134
14135
14136
14137
14140
14146
14147
14156
14160
14170
14181
14190
14191
14192
14193
14197
14198
14200
14204
14208
14209
14217
14219
14226
14234
14236
14245
14252
14254
14255
14256
14259
14263
14264
14265
14266
14267
14269
14277
14279
14281
14288
14292
14295
14306
14308
14309
14312
14319
14321
14323
14325
14326
14330
14333
14335
14340
14348
14350
14361
14366
14367
14372
14374
14377
14381
14385
14391
14398
14400
14402
14406
14409
14413
14417
14420
14421
14422
14424
14425
14426
14428
14429
14431
14433
14438
14442
14443
14445
14450
14457
14458
14468
14470
14471
14479
14481
14482
14484
14489
14491
14492
14494
14495
14496
14497
14502
14503
14505
14506
14508
14515
14516
14519
14522
14525
14530
14537
14540
14544
14546
14552
14553
14554
14556
14563
14564
14565
14571
14573
14587
14588
14597
14598
14608
14614
14623
14624
14625
14632
14633
14638
14641
14646
14649
14651
14653
14663
14666
14668
14672
14673
14674
14677
14679
14684
14686
14687
14691
14693
14695
14697
14699
14707
14711
14712
14713
14720
14722
14726
14729
14731
14735
14736
14738
14739
14744
14748
14754
14755
14757
14758
14759
14762
14765
14768
14769
14770
14777
14779
14781
14782
14788
14794
14795
14797
14799
14800
14801
14803
14806
14809
14818
14819
14820
14821
14823
14827
14830
14831
14833
14836
14841
14842
14844
14852
14865
14866
14867
14870
14874
14876
14879
14880
14886
14891
14893
14894
14895
14896
14900
14904
14906
14907
14910
14911
14912
14921
14928
14929
14930
14931
14932
14935
14936
14939
14940
14945
14946
14951
14959
14969
14970
14971
14972
14974
14975
14976
14977
14978
14979
14982
14983
14985
14987
14995
14996
14997
14998
14999
15001
15003
15004
15006
15013
15014
15022
15024
15026
15028
15031
15035
15036
15037
15043
15047
15052
15053
15055
15058
15060
15061
15062
15063
15068
15074
15078
15090
15092
15093
15094
15100
15101
15102
15106
15108
15121
15132
15133
15138
15139
15142
15145
15149
15152
15154
15156
15157
15158
15159
15161
15163
15168
15172
15178
15179
15183
15185
15187
15189
15190
15198
15211
15212
15214
15215
15218
15225
15230
15232
15236
15243
15245
15249
15250
15251
15253
15261
15266
15267
15274
15277
15280
15281
15283
15285
15290
15295
15296
15297
15301
15302
15304
15313
15318
15322
15324
15327
15329
15331
15335
15339
15344
15347
15351
15354
15355
15357
15360
15365
15366
15368
15370
15371
15373
15379
15383
15385
15388
15391
15394
15399
15411
15413
15414
15415
15420
15423
15424
15425
15426
15428
15429
15431
15433
15435
15442
15443
15444
15450
15452
15454
15455
15459
15461
15463
15466
15468
15474
15481
15486
15488
15489
15491
15501
15502
15503
15507
15508
15509
15512
15513
15514
15515
15517
15521
15525
15527
15528
15529
15530
15537
15540
15542
15546
15548
15552
15556
15559
15569
15571
15575
15580
15585
15597
15602
15605
15611
15617
15618
15619
15622
15630
15632
15652
15659
15660
15663
15666
15672
15674
15676
15678
15683
15689
15690
15700
15707
15708
15709
15710
15718
15724
15725
15729
15730
15731
15734
15737
15742
15747
15751
15754
15755
15761
15763
15767
15768
15769
15770
15775
15776
15777
15780
15786
15789
15791
15792
15800
15802
15804
15805
15808
15809
15810
15821
15823
15824
15828
15830
15832
15835
15837
15838
15845
15849
15852
15856
15858
15864
15866
15868
15871
15879
15882
15885
15886
15887
15894
15900
15910
15922
15936
15939
15940
15941
15943
15948
15950
15954
15959
15962
15971
15973
15974
15977
15981
15984
15986
15993
15995
16002
16004
16005
16006
16011
16012
16013
16014
16016
16018
16019
16020
16024
16026
16027
16030
16033
16035
16040
16043
16045
16048
16050
16055
16058
16061
16070
16071
16076
16077
16079
16081
16087
16090
16093
16097
16099
16104
16108
16110
16115
16119
16124
16127
16131
16134
16138
16145
16146
16148
16151
16155
16156
16159
16162
16165
16166
16167
16176
16178
16186
16188
16199
16200
16201
16206
16207
16212
16219
16221
16224
16226
16228
16230
16232
16237
16240
16241
16246
16247
16249
16250
16251
16253
16254
16255
16256
16257
16258
16261
16262
16264
16267
16269
16272
16275
16278
16280
16281
16284
16288
16290
16292
16296
16301
16305
16313
16322
16323
16333
16335
16336
16341
16343
16348
16352
16356
16357
16358
16362
16365
16369
16370
16374
16376
16385
16389
16396
16403
16405
16407
16418
16421
16423
16425
16430
16447
16449
16456
16458
16463
16468
16472
16474
16477
16479
16481
16482
16484
16487
16489
16491
16497
16502
16503
16509
16513
16514
16516
16522
16525
16530
16531
16534
16536
16537
16543
16546
16547
16549
16558
16559
16561
16562
16564
16569
16572
16573
16577
16579
16582
16586
16588
16592
16593
16595
16601
16602
16607
16609
16613
16617
16618
16620
16621
16622
16633
16635
16636
16637
16638
16641
16642
16648
16653
16655
16661
16665
16666
16669
16673
16676
16679
16682
16684
16690
16693
16695
16698
16704
16706
16707
16708
16709
16712
16714
16716
16718
16724
16730
16732
16733
16739
16740
16743
16744
16746
16749
16752
16755
16759
16760
16762
16770
16772
16773
16775
16780
16782
16783
16784
16786
16788
16789
16791
16795
16797
16800
16802
16803
16816
16822
16825
16827
16828
16834
16836
16841
16846
16847
16853
16854
16859
16862
16863
16864
16868
16873
16881
16886
16887
16892
16895
16898
16900
16901
16906
16911
16912
16917
16919
16920
16922
16923
16926
16928
16937
16942
16944
16945
16947
16951
16953
16954
16956
16958
16960
16963
16964
16973
16974
16976
16977
16978
16983
16985
16989
16991
16993
16994
16997
17001
17002
17005
17006
17009
17010
17019
17024
17026
17030
17031
17032
17034
17035
17045
17048
17049
17053
17057
17059
17060
17062
17065
17071
17076
17080
17082
17088
17093
17096
17097
17104
17106
17108
17111
17112
17125
17132
17134
17135
17136
17138
17139
17140
17145
17147
17152
17155
17175
17176
17179
17182
17191
17195
17197
17200
17202
17203
17205
17207
17208
17219
17221
17222
17224
17225
17228
17231
17234
17235
17240
17244
17249
17250
17253
17255
17263
17264
17267
17271
17272
17287
17288
17289
17292
17295
17298
17300
17305
17306
17314
17316
17318
17327
17332
17333
17334
17339
17343
17346
17349
17358
17365
17370
17373
17375
17381
17383
17384
17386
17387
17393
17396
17397
17409
17410
17411
17412
17424
17425
17429
17431
17436
17438
17439
17440
17443
17448
17453
17455
17457
17461
17462
17469
17470
17482
17487
17497
17501
17504
17505
17506
17509
17512
17514
17523
17525
17526
17528
17530
17535
17539
17545
17547
17550
17554
17558
17561
17569
17570
17571
17572
17573
17579
17586
17587
17592
17596
17603
17609
17610
17611
17622
17623
17625
17646
17651
17653
17657
17662
17669
17672
17675
17678
17680
17690
17692
17696
17701
17703
17708
17709
17710
17713
17718
17724
17726
17732
17733
17739
17744
17745
17746
17748
17749
17759
17761
17764
17767
17768
17772
17773
17775
17782
17783
17785
17787
17788
17792
17793
17798
17800
17801
17802
17805
17812
17813
17814
17815
17817
17819
17823
17827
17830
17843
17846
17847
17849
17852
17856
17857
17858
17865
17866
17867
17870
17874
17875
17878
17879
17886
17893
17894
17897
17898
17900
17906
17909
17915
17916
17920
17924
17926
17928
17934
17938
17942
17952
17956
17959
17966
17967
17969
17970
17972
17975
17978
17979
17982
17991
17994
17997
17999
18002
18004
18005
18009
18011
18013
18014
18017
18022
18034
18036
18038
18056
18058
18059
18061
18068
18070
18073
18078
18082
18084
18085
18090
18093
18098
18106
18108
18110
18116
18127
18128
18129
18139
18140
18144
18146
18147
18158
18159
18162
18163
18165
18166
18169
18179
18181
18184
18185
18187
18189
18192
18193
18201
18203
18205
18208
18219
18223
18224
18226
18228
18229
18236
18239
18241
18242
18246
18248
18250
18259
18261
18263
18265
18270
18277
18281
18282
18285
18287
18289
18290
18294
18299
18300
18304
18311
18312
18314
18315
18323
18325
18331
18332
18333
18341
18348
18349
18351
18355
18356
18358
18360
18364
18365
18366
18369
18371
18373
18385
18386
18387
18393
18398
18402
18408
18411
18413
18415
18418
18419
18434
18443
18448
18451
18454
18455
18460
18466
18472
18474
18476
18479
18483
18488
18489
18497
18502
18505
18511
18513
18514
18518
18527
18529
18533
18537
18539
18540
18541
18545
18549
18555
18557
18560
18562
18569
18570
18575
18577
18583
18584
18585
18586
18588
18590
18591
18592
18596
18597
18599
18603
18609
18614
18618
18620
18624
18627
18628
18631
18633
18635
18641
18643
18645
18647
18651
18657
18662
18664
18665
18667
18671
18673
18678
18682
18685
18686
18693
18694
18695
18696
18697
18704
18705
18709
18711
18718
18720
18721
18728
18729
18730
18731
18734
18737
18738
18739
18741
18743
18750
18759
18761
18765
18772
18779
18781
18784
18785
18787
18793
18794
18795
18798
18799
18801
18804
18805
18808
18825
18827
18835
18840
18841
18845
18848
18849
18856
18857
18859
18864
18869
18870
18873
18875
18879
18880
18884
18885
18887
18888
18900
18901
18903
18906
18907
18908
18913
18917
18922
18928
18930
18931
18937
18939
18943
18944
18945
18947
18952
18953
18955
18962
18964
18966
18967
18971
18973
18975
18979
18981
18983
18988
18995
18999
19002
19004
19010
19011
19019
19023
19025
19026
19027
19028
19032
19033
19036
19040
19041
19042
19048
19052
19053
19054
19056
19060
19061
19062
19068
19070
19072
19075
19076
19077
19081
19082
19083
19088
19092
19100
19101
19102
19104
19106
19111
19112
19113
19123
19124
19125
19126
19128
19131
19145
19151
19152
19154
19155
19159
19163
19167
19169
19170
19173
19175
19176
19178
19179
19184
19191
19192
19201
19207
19212
19213
19214
19215
19224
19225
19226
19227
19229
19232
19235
19237
19238
19241
19242
19244
19245
19248
19251
19253
19259
19261
19264
19274
19283
19292
19293
19294
19295
19297
19300
19301
19305
19309
19311
19318
19319
19322
19328
19332
19333
19335
19337
19344
19347
19350
19351
19353
19354
19358
19363
19366
19370
19371
19372
19379
19380
19382
19392
19393
19394
19396
19407
19408
19409
19411
19413
19419
19422
19429
19431
19434
19436
19437
19438
19442
19443
19444
19451
19453
19455
19457
19459
19460
19468
19471
19472
19475
19476
19479
19488
19489
19491
19496
19498
19499
19500
19503
19511
19512
19514
19518
19521
19523
19526
19528
19538
19541
19542
19549
19550
19553
19564
19565
19572
19573
19579
19582
19586
19587
19593
19598
19600
19601
19604
19606
19611
19613
19614
19615
19618
19622
19625
19626
19630
19631
19632
19634
19635
19640
19646
19653
19656
19667
19668
19670
19675
19676
19681
19682
19684
19687
19691
19694
19700
19702
19706
19707
19714
19723
19725
19734
19735
19738
19740
19742
19745
19752
19756
19760
19761
19766
19768
19777
19778
19779
19783
19791
19794
19795
19797
19799
19801
19802
19804
19808
19810
19813
19818
19821
19822
19823
19825
19828
19833
19835
19836
19839
19846
19847
19855
19867
19868
19871
19876
19877
19878
19879
19881
19887
19889
19892
19897
19898
19900
19902
19904
19907
19908
19909
19917
19921
19924
19925
19927
19939
19941
19944
19947
19948
19949
19950
19957
19965
19966
19968
19970
19972
19975
19978
19979
19987
19990
19995
19997
19998
20009
20014
20015
20020
20025
20027
20029
20032
20036
20037
20044
20046
20047
20048
20061
20062
20068
20069
20071
20073
20083
20089
20091
20092
20094
20096
20097
20102
20103
20104
20105
20107
20108
20109
20112
20113
20118
20119
20120
20131
20138
20139
20141
20143
20148
20152
20155
20157
20159
20163
20166
20167
20168
20169
20178
20183
20184
20186
20187
20199
20203
20204
20206
20208
20210
20211
20215
20222
20223
20226
20235
20237
20239
20245
20255
20259
20261
20263
20269
20271
20272
20275
20278
20287
20288
20290
20291
20298
20300
20303
20305
20306
20307
20310
20311
20320
20321
20329
20331
20332
20337
20340
20342
20343
20344
20346
20349
20361
20372
20381
20383
20385
20388
20393
20398
20401
20402
20403
20404
20407
20418
20420
20427
20432
20442
20443
20444
20450
20454
20456
20458
20459
20460
20465
20466
20474
20476
20477
20478
20490
20491
20493
20494
20501
20502
20503
20504
20506
20508
20516
20522
20524
20530
20534
20536
20538
20541
20543
20545
20548
20551
20555
20557
20558
20568
20571
20583
20586
20594
20597
20599
20601
20603
20604
20605
20612
20613
20614
20620
20621
20624
20637
20639
20641
20642
20643
20645
20646
20647
20652
20654
20656
20660
20663
20664
20668
20669
20674
20676
20679
20680
20686
20690
20691
20694
20695
20700
20701
20705
20708
20710
20717
20723
20724
20726
20730
20733
20735
20736
20737
20740
20741
20743
20748
20753
20754
20755
20756
20758
20764
20765
20770
20771
20774
20775
20776
20779
20780
20782
20783
20784
20792
20793
20794
20798
20803
20804
20805
20810
20814
20817
20819
20826
20829
20831
20833
20834
20838
20845
20846
20849
20853
20855
20857
20858
20859
20861
20862
20866
20869
20871
20872
20874
20879
20884
20885
20888
20889
20892
20895
20898
20899
20900
20902
20903
20904
20906
20907
20910
20912
20913
20914
20916
20917
20919
20923
20925
20937
20938
20948
20949
20953
20955
20958
20959
20962
20963
20965
20971
20975
20976
20978
20990
20991
20994
20995
20998
21002
21011
21014
21016
21030
21035
21042
21046
21048
21049
21051
21052
21054
21058
21060
21067
21068
21070
21072
21073
21075
21079
21081
21083
21084
21085
21105
21115
21119
21123
21124
21125
21131
21138
21148
21159
21160
21161
21164
21166
21167
21168
21170
21174
21181
21186
21187
21188
21193
21195
21196
21204
21210
21211
21216
21218
21220
21221
21223
21226
21230
21236
21237
21247
21248
21249
21253
21255
21258
21261
21262
21266
21267
21268
21269
21273
21274
21279
21285
21286
21293
21294
21295
21298
21299
21309
21313
21319
21323
21324
21327
21329
21331
21334
21344
21358
21359
21363
21365
21370
21371
21376
21378
21384
21396
21400
21402
21405
21411
21412
21424
21426
21431
21435
21438
21439
21440
21442
21450
21454
21455
21459
21461
21465
21468
21470
21476
21477
21480
21481
21483
21486
21488
21489
21495
21498
21500
21506
21509
21511
21512
21514
21516
21523
21525
21528
21529
21532
21533
21539
21543
21545
21546
21549
21550
21555
21561
21562
21563
21573
21580
21584
21585
21586
21598
21599
21604
21607
21618
21620
21627
21632
21633
21639
21643
21647
21652
21657
21660
21661
21669
21670
21672
21673
21674
21676
21677
21679
21680
21681
21684
21686
21687
21689
21694
21697
21699
21700
21708
21709
21716
21717
21720
21725
21727
21729
21741
21742
21748
21765
21766
21770
21772
21784
21786
21788
21796
21797
21802
21807
21811
21816
21818
21819
21823
21825
21826
21827
21829
21831
21832
21835
21836
21838
21841
21842
21845
21847
21858
21861
21867
21868
21869
21874
21877
21879
21883
21885
21886
21889
21891
21892
21894
21897
21898
21906
21908
21919
21921
21934
21936
21940
21949
21950
21959
21962
21963
21974
21975
21979
21989
21991
21998
21999
22001
22003
22005
22009
22011
22014
22016
22020
22022
22024
22025
22028
22029
22031
22033
22034
22040
22044
22047
22048
22050
22054
22069
22078
22080
22081
22083
22089
22090
22091
22092
22095
22096
22101
22104
22105
22106
22116
22125
22126
22129
22130
22135
22136
22139
22140
22145
22146
22150
22152
22156
22164
22166
22167
22168
22169
22172
22175
22177
22180
22185
22186
22189
22190
22191
22196
22197
22198
22200
22205
22209
22212
22215
22216
22217
22222
22223
22229
22230
22232
22235
22237
22238
22257
22265
22269
22271
22272
22276
22282
22283
22285
22286
22289
22295
22297
22298
22303
22307
22308
22309
22314
22315
22318
22321
22328
22347
22348
22352
22360
22364
22367
22370
22382
22386
22388
22390
22393
22394
22404
22405
22410
22411
22413
22417
22423
22426
22427
22436
22437
22440
22442
22445
22448
22450
22452
22457
22458
22459
22460
22464
22466
22471
22472
22476
22477
22479
22482
22485
22493
22498
22504
22507
22509
22512
22515
22520
22522
22524
22526
22527
22531
22532
22535
22540
22542
22544
22545
22546
22553
22554
22556
22557
22563
22564
22572
22574
22585
22587
22588
22591
22598
22599
22600
22601
22602
22608
22614
22615
22616
22619
22622
22623
22624
22630
22631
22632
22634
22636
22638
22640
22642
22643
22644
22649
22650
22651
22660
22663
22665
22668
22671
22675
22676
22679
22681
22687
22689
22691
22695
22696
22701
22703
22704
22710
22712
22728
22735
22745
22748
22749
22756
22757
22758
22761
22763
22766
22768
22769
22774
22775
22777
22778
22782
22786
22787
22789
22790
22791
22794
22796
22801
22802
22803
22805
22817
22820
22824
22827
22828
22830
22834
22839
22840
22841
22854
22857
22858
22871
22872
22876
22877
22879
22885
22903
22906
22917
22924
22929
22933
22934
22938
22941
22945
22948
22950
22960
22961
22969
22970
22971
22978
22992
22994
22996
22997
22999
23001
23002
23010
23012
23013
23014
23026
23028
23031
23036
23039
23042
23043
23048
23049
23050
23054
23058
23059
23063
23066
23067
23069
23075
23080
23088
23089
23095
23096
23097
23099
23100
23105
23106
23108
23109
23110
23120
23123
23127
23130
23138
23147
23149
23151
23152
23155
23157
23160
23161
23163
23168
23170
23171
23173
23176
23177
23178
23182
23184
23187
23188
23191
23194
23196
23201
23205
23206
23207
23208
23216
23219
23220
23222
23223
23226
23233
23244
23245
23246
23247
23248
23254
23255
23258
23262
23263
23265
23267
23271
23272
23279
23287
23289
23292
23295
23296
23297
23305
23308
23313
23315
23316
23326
23330
23338
23339
23342
23343
23354
23356
23357
23358
23363
23367
23372
23374
23378
23382
23386
23387
23390
23391
23394
23398
23401
23404
23408
23427
23430
23440
23443
23445
23447
23448
23449
23450
23451
23452
23454
23457
23460
23464
23470
23475
23481
23488
23493
23494
23497
23499
23502
23503
23507
23510
23512
23518
23521
23522
23528
23532
23534
23538
23540
23541
23542
23544
23548
23554
23555
23557
23559
23563
23567
23568
23569
23570
23577
23584
23586
23588
23599
23606
23607
23608
23609
23611
23618
23622
23627
23629
23633
23638
23645
23646
23648
23652
23653
23654
23658
23659
23662
23663
23666
23667
23673
23677
23678
23683
23684
23685
23686
23688
23692
23693
23696
23699
23703
23704
23707
23709
23713
23715
23719
23720
23722
23724
23728
23729
23732
23738
23739
23745
23746
23748
23752
23754
23758
23760
23765
23768
23771
23777
23778
23782
23783
23790
23791
23793
23804
23806
23810
23811
23817
23821
23823
23826
23827
23828
23829
23831
23832
23834
23840
23842
23843
23848
23851
23853
23856
23857
23859
23860
23861
23865
23866
23867
23868
23872
23876
23878
23886
23894
23901
23905
23906
23909
23924
23925
23934
23936
23938
23939
23943
23945
23950
23952
23953
23955
23956
23958
23964
23968
23970
23974
23975
23977
23986
23988
23992
23993
23994
23995
23996
23999
24002
24003
24007
24016
24020
24026
24027
24033
24035
24042
24048
24057
24060
24066
24068
24069
24074
24079
24082
24088
24090
24091
24097
24099
24108
24110
24111
24122
24123
24126
24128
24130
24133
24135
24136
24138
24139
24142
24161
24165
24166
24170
24173
24187
24189
24194
24197
24202
24204
24205
24212
24214
24227
24229
24230
24231
24236
24238
24243
24244
24245
24246
24248
24253
24255
24263
24264
24265
24268
24269
24277
24279
24281
24282
24283
24285
24289
24291
24293
24294
24298
24300
24302
24305
24310
24311
24312
24315
24316
24326
24329
24331
24333
24334
24336
24337
24344
24354
24360
24361
24368
24372
24373
24377
24383
24386
24387
24388
24390
24392
24395
24410
24412
24416
24418
24419
24421
24425
24426
24427
24429
24434
24436
24442
24446
24463
24468
24472
24476
24477
24484
24490
24498
24499
24502
24504
24510
24519
24521
24522
24526
24532
24536
24549
24551
24558
24565
24569
24578
24579
24587
24597
24598
24600
24628
24629
24631
24634
24635
24640
24641
24643
24645
24649
24651
24653
24659
24660
24661
24663
24668
24678
24679
24680
24682
24686
24690
24693
24694
24698
24699
24703
24706
24712
24715
24719
24722
24724
24725
24730
24733
24739
24741
24742
24743
24745
24746
24751
24753
24760
24761
24765
24770
24773
24775
24777
24780
24790
24791
24793
24795
24797
24798
24805
24808
24812
24815
24821
24822
24825
24826
24829
24837
24849
24853
24855
24857
24860
24865
24866
24867
24870
24874
24875
24878
24882
24883
24886
24887
24894
24895
24896
24899
24905
24914
24915
24916
24918
24920
24922
24923
24927
24931
24933
24934
24937
24938
24939
24941
24943
24945
24947
24948
24955
24957
24964
24972
24982
24987
24990
24991
24992
24993
24996
25001
25003
25008
25009
25010
25013
25019
25020
25023
25027
25028
25030
25034
25037
25038
25045
25048
25049
25050
25056
25059
25061
25068
25070
25076
25080
25083
25086
25088
25092
25094
25096
25097
25102
25104
25106
25112
25113
25120
25121
25122
25128
25138
25145
25149
25153
25154
25155
25156
25161
25165
25167
25169
25173
25180
25183
25184
25191
25192
25194
25199
25201
25203
25206
25207
25209
25211
25226
25228
25231
25237
25238
25240
25241
25248
25250
25255
25256
25261
25264
25269
25274
25277
25279
25283
25285
25289
25291
25296
25297
25299
25300
25306
25323
25327
25330
25333
25340
25350
25357
25362
25364
25365
25366
25367
25372
25373
25374
25377
25378
25389
25392
25399
25401
25411
25412
25415
25420
25421
25424
25425
25426
25432
25434
25436
25448
25450
25454
25456
25465
25469
25471
25472
25477
25478
25483
25485
25486
25487
25490
25492
25495
25501
25509
25510
25512
25513
25517
25534
25536
25538
25543
25545
25549
25550
25551
25555
25565
25572
25575
25579
25587
25591
25594
25595
25603
25606
25609
25611
25613
25615
25616
25617
25620
25621
25624
25625
25631
25635
25638
25639
25643
25645
25649
25651
25655
25658
25662
25666
25668
25669
25673
25674
25675
25677
25681
25686
25702
25708
25709
25715
25717
25721
25726
25727
25734
25739
25743
25746
25748
25749
25753
25757
25760
25765
25767
25768
25771
25773
25775
25777
25779
25782
25789
25791
25792
25793
25804
25807
25815
25818
25820
25821
25824
25826
25828
25829
25830
25832
25834
25835
25836
25839
25840
25842
25848
25849
25850
25855
25856
25857
25862
25869
25872
25873
25874
25879
25882
25883
25885
25887
25888
25895
25897
25899
25904
25907
25909
25910
25911
25914
25918
25920
25927
25933
25934
25936
25938
25943
25944
25950
25952
25962
25966
25971
25972
25979
25980
25981
25984
25985
25986
25988
25996
26002
26005
26006
26017
26018
26022
26024
26032
26043
26045
26046
26047
26050
26054
26055
26057
26061
26063
26064
26068
26077
26079
26080
26081
26084
26085
26091
26096
26097
26101
26104
26106
26109
26113
26114
26123
26124
26125
26128
26134
26136
26143
26144
26146
26147
26148
26157
26161
26163
26175
26178
26180
26184
26185
26186
26187
26190
26193
26195
26197
26201
26202
26205
26210
26212
26214
26216
26218
26224
26225
26228
26235
26237
26238
26242
26244
26248
26250
26255
26260
26263
26266
26270
26273
26276
26278
26279
26283
26291
26292
26296
26297
26298
26304
26315
26316
26318
26321
26322
26327
26334
26337
26338
26339
26344
26352
26355
26358
26364
26365
26378
26379
26381
26384
26387
26393
26394
26397
26398
26399
26400
26409
26410
26412
26417
26418
26419
26426
26430
26435
26440
26444
26455
26456
26457
26461
26465
26468
26473
26475
26481
26483
26489
26490
26491
26503
26504
26514
26518
26521
26522
26523
26530
26534
26535
26538
26543
26544
26545
26548
26554
26562
26566
26570
26573
26578
26582
26583
26585
26593
26601
26603
26605
26607
26609
26613
26614
26619
26620
26621
26622
26626
26630
26631
26632
26636
26637
26638
26639
26642
26643
26648
26649
26650
26653
26654
26655
26662
26663
26665
26672
26674
26675
26676
26679
26683
26691
26694
26698
26700
26702
26707
26719
26722
26723
26725
26730
26734
26739
26743
26747
26748
26750
26751
26754
26759
26762
26765
26766
26770
26773
26775
26778
26788
26792
26793
26794
26798
26800
26801
26807
26808
26810
26813
26816
26827
26831
26832
26834
26836
26838
26841
26844
26845
26846
26851
26855
26856
26859
26861
26865
26867
26868
26870
26872
26883
26884
26888
26899
26901
26904
26908
26914
26918
26920
26922
26923
26934
26938
26939
26947
26953
26963
26964
26965
26966
26967
26970
26976
26985
26994
26995
26997
27003
27005
27008
27010
27012
27013
27019
27020
27022
27027
27028
27029
27031
27034
27043
27046
27047
27051
27057
27058
27061
27067
27068
27069
27070
27072
27075
27076
27077
27080
27082
27084
27089
27090
27092
27094
27098
27100
27106
27108
27116
27117
27118
27126
27127
27130
27138
27146
27148
27152
27155
27156
27158
27160
27162
27163
27167
27168
27169
27170
27171
27173
27175
27176
27178
27179
27185
27186
27188
27189
27192
27195
27199
27204
27208
27210
27214
27219
27220
27232
27235
27244
27254
27255
27258
27259
27279
27290
27293
27294
27295
27298
27301
27308
27310
27316
27319
27320
27323
27324
27325
27333
27335
27337
27338
27340
27342
27343
27344
27347
27348
27349
27350
27354
27357
27358
27361
27364
27369
27377
27379
27383
27384
27386
27393
27400
27403
27405
27409
27411
27416
27419
27434
27436
27438
27442
27444
27449
27450
27451
27454
27460
27463
27465
27467
27468
27474
27476
27477
27480
27481
27483
27485
27489
27491
27494
27496
27500
27504
27508
27515
27519
27522
27523
27524
27525
27526
27528
27533
27534
27535
27539
27552
27558
27560
27561
27564
27569
27571
27582
27583
27586
27591
27602
27605
27619
27621
27623
27626
27627
27628
27629
27630
27633
27635
27637
27638
27639
27642
27643
27644
27645
27647
27658
27662
27680
27682
27687
27688
27691
27692
