31
52
99
119
140
154
188
249
253
274
331
447
502
511
541
544
568
580
594
609
640
645
730
746
817
891
894
918
920
934
958
971
972
1036
1038
1041
1051
1055
1114
1131
1241
1265
1300
1337
1368
1442
1459
1464
1504
1605
1617
1627
1628
1640
1714
1723
1749
1761
1766
1770
1804
1874
1890
1914
1945
1967
2018
2037
2065
2078
2121
2126
2128
2147
2160
2238
2240
2278
2292
2316
2318
2348
2354
2381
2522
2569
2574
2589
2658
2671
2681
2753
2787
2855
2856
2874
2885
2895
2913
2949
2966
2974
2977
3040
3089
3102
3107
3230
3233
3251
3261
3303
3386
3394
3517
3602
3608
3620
3679
3719
3754
3762
3771
3819
3831
3851
3862
3910
3913
3919
3935
3937
4002
4003
4014
4017
4039
4143
4149
4162
4180
4198
4221
4245
4258
4260
4291
4309
4317
4338
4339
4396
4514
4523
4530
4554
4570
4629
4634
4721
4818
4886
4891
4930
4938
4940
4949
4983
4990
5006
5015
5053
5099
5171
5197
5228
5243
5312
5331
5348
5358
5380
5388
5525
5548
5561
5564
5575
5643
5716
5818
5819
5848
5919
5926
5931
5959
5989
5999
6091
6158
6170
6227
6239
6244
6285
6301
6354
6357
6364
6397
6401
6406
6417
6439
6482
6564
6623
6626
6648
6689
6696
6703
6726
6771
6774
6799
6825
6883
6973
6978
6980
7085
7131
7154
7159
7169
7254
7285
7290
7304
7341
7430
7461
7465
7596
7629
7676
7703
7740
7744
7754
7758
7765
7860
7884
7893
7965
7971
7999
8044
8050
8078
8079
8084
8095
8129
8138
8141
8174
8176
8230
8232
8243
8389
8405
8411
8459
8552
8567
8584
8618
8628
8639
8693
8716
8722
8734
8745
8754
8802
8871
8877
8911
8932
8965
8966
9053
9057
9072
9078
9088
9115
9185
9192
9252
9253
9367
9392
9403
9413
9415
9422
9451
9455
9457
9488
9533
9583
9597
9627
9670
9699
9800
9822
9860
9871
9927
10027
10040
10194
10229
10264
10295
10312
10345
10347
10372
10402
10459
10483
10520
10547
10622
10692
10710
10742
10872
10874
10877
10878
10909
10931
10947
10974
11016
11047
11051
11100
11137
11140
11162
11167
11181
11194
11225
11253
11269
11309
11317
11396
11406
11410
11498
11501
11576
11588
11626
11682
11683
11740
11808
11894
11937
11942
11973
12000
12007
12044
12059
12095
12164
12182
12197
12209
12216
12218
12266
12277
12306
12345
12365
12459
12460
12494
12503
12510
12524
12554
12584
12585
12633
12641
12674
12693
12717
12724
12844
12893
12897
12917
12936
12969
12970
13124
13127
13215
13224
13250
13282
13301
13324
13342
13358
13398
13402
13449
13454
13459
13541
13569
13724
13760
13767
13783
13844
13877
13897
13899
13922
13962
13975
14025
14074
14112
14120
14216
14244
14305
14328
14333
14335
14340
14374
14425
14473
14506
14601
14636
14642
14654
14675
14684
14741
14747
14799
14815
14816
14840
14881
14882
14901
14936
14941
14947
14964
14967
15016
15029
15032
15057
15062
15092
15136
15150
15193
15210
15224
15231
15264
15274
15277
15302
15323
15344
15371
15374
15395
15432
15434
15436
15452
15461
15490
15515
15547
15563
15679
15688
15694
15695
15750
15809
15886
15888
15899
15913
15915
15936
15944
16009
16036
16060
16180
16217
16296
16332
16340
16380
16387
16389
16430
16575
16599
16636
16748
16783
16822
16910
16926
16936
16980
16985
16992
17036
17037
17154
17158
17169
17177
17185
17247
17276
17284
17383
17415
17422
17519
17545
17555
17585
17626
17662
17670
17741
17748
17758
17788
17827
17870
17881
17915
17952
17961
17979
18042
18200
18220
18232
18248
18276
18293
18305
18314
18387
18408
18417
18421
18453
18522
18528
18538
18551
18561
18646
18649
18652
18675
18682
18683
18746
18747
18766
18792
18809
18814
18862
18869
18897
18973
18993
19080
19097
19115
19154
19204
19252
19270
19294
19298
19305
19311
19331
19389
19402
19415
19450
19457
19496
19497
19508
19509
19549
19654
19690
19691
19709
19714
19725
19740
19750
19761
19764
19771
19806
19840
19861
20055
20087
20115
20116
20193
20339
20389
20430
20439
20442
20509
20533
20566
20579
20584
20606
20638
20649
20660
20666
20678
20708
20763
20768
20773
20805
20810
20824
20928
20940
20943
20966
20967
20995
21010
21032
21054
21075
21084
21170
21186
21223
21253
21298
21341
21372
21494
21500
21528
21538
21539
21561
21600
21611
21619
21659
21667
21734
21736
21751
21829
21842
21845
21856
21870
21938
21977
22025
22094
22125
22180
22193
22224
22227
22279
22283
22321
22326
22366
22382
22396
22407
22417
22418
22510
22521
22569
22602
22608
22638
22648
22650
22705
22750
22810
