0
3
17
33
40
41
47
56
57
66
85
90
95
103
106
109
112
114
120
124
126
129
132
138
143
167
168
169
179
183
191
201
202
207
210
218
223
227
228
239
245
247
254
257
267
272
274
295
297
298
299
311
315
326
329
332
344
346
347
348
354
367
369
372
381
385
391
395
401
403
410
413
414
416
425
426
427
433
443
454
455
457
460
463
464
468
470
473
477
481
482
492
496
517
521
529
531
543
546
550
556
558
567
573
578
582
590
596
603
607
610
616
617
633
634
646
649
654
658
659
664
666
677
690
691
693
698
714
720
732
733
738
742
743
744
745
753
757
759
766
767
769
783
787
788
796
797
803
805
819
824
825
828
837
839
843
846
847
851
852
854
861
862
864
881
885
908
916
923
927
933
941
943
946
949
953
954
962
964
970
971
976
982
990
991
993
1000
1004
1008
1020
1021
1024
1026
1027
1030
1036
1042
1047
1051
1062
1073
1080
1081
1083
1094
1096
1103
1104
1112
1115
1119
1124
1130
1147
1153
1161
1167
1170
1171
1183
1189
1194
1202
1218
1225
1226
1242
1243
1246
1250
1253
1270
1271
1276
1278
1282
1287
1292
1301
1309
1310
1313
1319
1325
1328
1329
1332
1340
1342
1345
1355
1365
1367
1374
1381
1388
1394
1395
1398
1399
1405
1413
1414
1416
1419
1420
1422
1425
1430
1438
1461
1463
1464
1466
1473
1487
1496
1503
1509
1511
1513
1515
1530
1537
1542
1546
1548
1550
1551
1552
1554
1556
1558
1564
1567
1571
1572
1576
1580
1589
1593
1598
1600
1609
1614
1615
1625
1629
1630
1632
1633
1636
1645
1648
1664
1674
1678
1680
1681
1684
1685
1686
1690
1697
1706
1711
1715
1716
1719
1723
1732
1735
1744
1745
1746
1747
1755
1758
1759
1760
1768
1772
1782
1783
1784
1787
1788
1789
1794
1801
1803
1804
1811
1819
1832
1839
1840
1845
1846
1850
1857
1863
1864
1868
1877
1889
1893
1897
1903
1904
1908
1919
1929
1933
1939
1961
1966
1970
1987
1994
1997
2021
2023
2025
2031
2033
2034
2035
2039
2053
2058
2062
2066
2076
2097
2101
2108
2113
2117
2120
2121
2123
2127
2136
2138
2146
2182
2190
2195
2197
2200
2209
2212
2214
2218
2221
2228
2234
2243
2250
2251
2254
2259
2260
2272
2275
2278
2280
2283
2291
2299
2311
2312
2315
2321
2323
2335
2340
2342
2344
2348
2353
2354
2356
2357
2358
2360
2361
2362
2363
2367
2369
2377
2383
2385
2386
2391
2395
2401
2406
2407
2410
2412
2414
2415
2419
2425
2428
2429
2449
2455
2473
2475
2477
2494
2496
2501
2519
2526
2535
2536
2537
2539
2543
2544
2554
2558
2564
2566
2584
2594
2597
2598
2599
2605
2614
2621
2625
2628
2636
2637
2653
2657
2659
2666
2671
2672
2676
2687
2702
2714
2716
2718
2722
2723
2730
2735
2761
2766
2767
2776
2777
2781
2784
2803
2804
2814
2834
2841
2847
2849
2865
2873
2884
2886
2889
2892
2901
2907
2908
2915
2917
2922
2938
2939
2940
2945
2947
2949
2957
2958
2964
2965
2975
2979
2982
2988
2996
2997
3000
3003
3004
3016
3018
3021
3024
3025
3039
3040
3043
3044
3046
3049
3060
3063
3070
3079
3095
3114
3116
3119
3121
3125
3172
3176
3182
3199
3209
3211
3222
3239
3240
3246
3259
3275
3282
3287
3293
3295
3304
3311
3316
3318
3324
3329
3332
3339
3340
3341
3346
3356
3364
3365
3378
3384
3386
3400
3405
3409
3410
3414
3416
3424
3428
3429
3434
3439
3441
3445
3450
3456
3458
3460
3466
3467
3475
3478
3481
3488
3493
3497
3499
3505
3511
3514
3519
3521
3528
3537
3542
3546
3548
3549
3551
3553
3555
3557
3561
3562
3564
3565
3570
3575
3579
3591
3598
3600
3603
3609
3616
3624
3633
3641
3643
3644
3645
3655
3656
3665
3669
3673
3678
3687
3690
3693
3695
3696
3698
3704
3707
3711
3718
3722
3725
3727
3732
3735
3740
3742
3748
3749
3752
3753
3762
3768
3771
3789
3790
3797
3813
3819
3830
3831
3832
3837
3845
3852
3857
3858
3859
3863
3867
3876
3881
3889
3893
3894
3897
3907
3908
3925
3941
3946
3947
3951
3957
3965
3966
3972
3979
3983
3985
3987
3995
4001
4006
4008
4010
4014
4020
4031
4033
4034
4039
4045
4059
4060
4071
4073
4076
4084
4087
4090
4093
4097
4098
4103
4112
4113
4116
4118
4132
4134
4136
4147
4149
4151
4155
4160
4164
4165
4178
4179
4180
4183
4186
4190
4199
4209
4210
4211
4214
4218
4230
4235
4237
4241
4243
4246
4248
4255
4273
4279
4282
4288
4296
4303
4304
4308
4309
4313
4316
4318
4333
4345
4346
4347
4352
4354
4358
4360
4361
4374
4376
4378
4379
4388
4390
4392
4393
4394
4402
4404
4406
4409
4413
4417
4424
4427
4433
4438
4446
4454
4460
4470
4472
4479
4481
4484
4485
4492
4493
4495
4500
4511
4519
4522
4527
4529
4533
4536
4537
4547
4548
4553
4554
4557
4558
4560
4569
4571
4583
4598
4601
4602
4603
4604
4605
4606
4607
4624
4628
4641
4647
4653
4661
4664
4671
4692
4695
4696
4712
4715
4716
4719
4722
4726
4728
4729
4735
4742
4748
4749
4750
4752
4756
4758
4764
4766
