0
22
30
35
38
104
122
131
135
136
159
175
197
209
210
211
233
253
255
259
262
277
278
289
323
335
346
347
355
366
381
382
392
401
403
418
430
438
444
445
455
473
476
479
484
497
509
514
515
532
537
538
551
554
557
579
581
586
596
607
722
728
731
738
746
770
778
784
785
792
798
805
819
832
836
872
884
886
911
915
960
963
999
1000
1001
1015
1020
1024
1044
1058
1074
1081
1084
1100
1103
1124
1128
1136
1141
1158
1162
1174
1208
1215
1231
1232
1272
1281
1287
1290
1292
1310
1312
1338
1342
1344
1345
1351
1370
1386
1397
1403
1411
1416
1426
1432
1435
1458
1467
1469
1473
1475
1488
1490
1491
1512
1543
1549
1591
1604
1609
1614
1615
1632
1653
1656
1659
1670
1684
1690
1698
1700
1714
1737
1796
1810
1814
1816
1829
1845
1852
1858
1868
1870
1874
1899
1900
1905
1908
1911
1930
1943
1959
1963
1976
1981
1994
2006
2016
2022
2047
2052
2068
2072
2078
2086
2097
2106
2135
2138
2140
2156
2162
2168
2179
2181
2186
2190
2222
2242
2246
2256
2271
2272
2281
2323
2327
2332
2337
2349
2361
2373
2381
2387
2401
2412
2413
2420
2428
2435
2442
2456
2461
2462
2488
2510
2513
2551
2581
2592
2609
2610
2611
2630
2645
2649
2653
2662
2669
2671
2723
2734
2737
2764
2775
2776
2788
2808
2814
2838
2840
2847
2861
2870
2889
2902
2914
2931
3002
3017
3025
3037
3047
3059
3071
3107
3111
3122
3125
3131
3161
3178
3184
3194
3201
3208
3222
3275
3284
3296
3297
3303
3311
3337
3358
3362
3363
3380
3388
3389
3394
3403
3407
3412
3413
3449
3471
3485
3510
3512
3527
3528
3552
3554
3579
3592
3607
3617
3621
3633
3645
3650
3651
3691
3695
3757
3775
3783
3809
3846
3850
3851
3862
3883
3892
3895
3898
3908
3909
3910
3922
3923
3937
3949
3953
3962
3965
3986
4032
4037
4038
4047
4048
4050
4057
4099
4106
4111
4118
4130
4134
4137
4139
4142
4150
4155
4166
4168
4183
4184
4197
4209
4219
4220
4221
4278
4279
4284
4290
4314
4322
4327
4334
4368
4384
4388
4398
4428
4448
4456
4457
4461
4462
4464
4468
4477
4510
4517
4527
4538
4551
4567
4568
4595
4598
4609
4619
4621
4625
4638
4650
4652
4667
4679
4685
4693
4699
4707
4713
4743
4747
4752
4761
4766
4767
