6719	78
5744	4159
3743	3452
3179	1915
145	4009
1427	3452
4020	3569
2291	322
1289	3615
1037	4021
5496	4562
1163	1218
6898	4476
499	1285
5164	4670
372	247
2277	350
2227	2247
6825	2051
1627	4009
4390	838
1218	399
757	765
1987	753
7281	842
5951	223
5792	3418
512	482
5137	1754
3916	378
6845	2920
7147	3713
7741	2059
6898	908
6219	1110
6370	1451
2764	3032
7316	1610
3589	1763
5942	3241
3336	3534
1210	4553
3896	237
2506	2967
3010	1947
5637	2748
5887	632
7066	4104
2639	1699
3837	1007
1628	1105
6075	3912
3343	801
3343	1954
5717	282
5838	3740
4335	426
239	1375
5322	2697
2464	208
3024	1686
2808	4040
1495	4670
3264	1610
2667	3753
5214	2748
5220	3135
1916	4422
1439	3971
5258	3197
5649	256
1732	375
1945	3653
6031	3885
7309	1404
1985	4009
7285	4345
928	4542
1047	3638
3613	3740
580	3930
934	3233
2175	242
681	2730
6589	3652
2764	931
7118	4456
6235	1610
7277	4484
3007	1820
5529	1763
7871	3489
4599	4422
7532	1803
2754	628
2982	2382
109	4460
1725	3871
7896	616
1896	3003
3606	2866
1288	3488
7442	3164
434	4237
610	2641
5611	2195
1910	4744
7786	3291
7400	4584
2577	1196
3935	2612
984	24
5294	2093
5525	1610
1198	4171
7002	3495
4074	909
6478	978
4047	4024
1163	1179
6525	4562
1772	1540
1405	1621
4483	1835
1836	4380
2368	1610
4155	1610
4951	653
6254	4492
4020	2059
2427	3562
2659	4115
7413	1285
2793	1868
861	3498
2408	2987
4451	2276
3893	3742
4065	616
702	930
7858	2730
2464	4744
4256	3291
2362	4306
240	1540
3864	133
3512	4542
757	2148
6350	2382
7633	377
6862	3175
4484	3546
6370	1646
7202	475
6909	417
1606	2956
1223	4553
7248	1139
3752	1118
3507	3233
6462	4401
6794	4345
6527	3197
3702	1601
5176	783
1608	1771
239	2938
6680	3903
6590	1199
865	3373
7521	2474
4056	3077
4020	1451
0	3026
4781	2577
5536	765
5707	1540
1732	628
1281	2041
1257	3021
3086	765
4183	1139
4020	4263
6845	1578
3417	2041
7552	930
7189	2484
5164	482
5987	1600
984	893
5529	1203
7547	3638
1400	4401
3689	1179
409	1492
6496	2039
6804	3180
5220	1610
3246	4381
4911	2262
5717	456
7189	4664
2617	4018
1634	2382
4529	1073
5444	782
6300	3458
654	399
2722	3601
3486	4744
7474	37
1624	2993
2692	703
3745	2689
7454	3197
7066	1578
5548	4511
5784	47
7652	4465
3242	4422
7088	3714
5500	4138
5973	1013
5525	3014
4618	1879
3308	1706
7494	3135
6067	1196
7904	1798
4865	580
852	1437
7904	3241
1244	2827
7925	4423
6055	816
1948	2217
1257	566
6135	350
3486	1879
5705	4467
1293	888
1153	3534
4914	2558
4730	3378
6016	4021
3244	3241
7400	2039
3752	1071
2659	1835
1910	4422
7547	3624
5205	1085
3564	2496
5725	1236
2724	2748
3148	493
5164	1102
1996	4009
2103	378
4809	1181
7834	1879
5550	1717
698	3241
4188	865
6881	2240
2676	3197
4305	671
1495	3999
7975	1105
6278	997
4289	4467
4156	522
6350	1236
145	1071
775	2305
6864	421
7449	847
6916	842
2655	3871
7170	3667
80	3972
7357	3521
5294	4102
7142	4605
1256	3104
7798	2956
2464	1283
3281	1540
6284	3241
1610	1575
5185	49
2231	2956
6298	2881
407	110
1962	3450
2841	421
7351	2577
2031	1324
5550	1881
7975	1499
7413	3718
6004	1879
2655	4335
7871	1566
5673	1771
984	1699
6972	874
2383	671
6794	2908
6537	679
1772	1761
2667	2362
5128	3507
246	4401
2309	4402
7170	838
3821	4023
3037	1012
7161	4254
2496	337
1876	1578
4529	2777
2808	3569
8021	1085
2754	359
4869	1861
7870	3486
3742	399
434	737
5545	4023
5111	3507
974	1578
3257	399
3490	4553
1338	2092
7520	2092
7099	3246
4762	1252
237	1033
2291	4036
3244	893
1367	1972
6462	4562
1187	2605
3947	3638
776	2159
1606	2578
6016	3521
927	3534
1409	997
790	2724
6100	4665
7215	3978
7383	4548
4248	24
5827	1931
4762	4423
4256	4401
858	1540
6665	2092
5118	1392
7938	4123
5191	3135
1016	3328
1440	2996
5140	4001
238	1945
3929	2612
4696	27
1704	78
2958	2033
2488	2305
7471	2352
7790	3795
7412	3197
775	493
4289	2590
2126	2282
7092	4356
1256	3373
7319	3534
2464	950
2073	4744
409	1835
744	1392
647	358
4178	3999
5211	2459
7884	4339
6138	1193
4696	4422
1075	2677
2648	1954
6001	3967
7918	1566
230	3837
2277	330
372	2315
5294	3566
934	3246
5907	1303
455	790
1400	2956
2988	2382
7578	3742
7285	4562
5002	4465
752	3967
2537	997
1400	765
3096	2920
3559	1589
4809	4303
2001	555
6460	4127
2014	3291
1922	1849
7411	3140
7944	421
4116	1610
7979	3452
6185	2612
6712	2921
1757	4584
650	3907
1281	4306
4757	4068
3376	3514
7195	2763
4971	4744
7068	2956
2453	3291
6113	4430
7544	1540
3647	1760
1608	275
1477	4435
2031	985
7552	3175
437	2577
2694	169
5753	2740
47	377
3217	3065
7136	275
6846	358
2408	4700
3445	3698
2904	3811
2650	3452
5717	2364
6460	1891
5268	2474
4047	2118
6825	3241
2476	3522
372	4659
3976	2659
865	4632
223	352
2822	2577
5707	4670
7740	2536
4926	3795
5082	3974
6589	2956
7243	3787
394	3543
6472	4684
8000	535
7286	4171
5214	4467
1471	947
559	265
5870	2677
3019	3287
7256	2740
2593	4465
7552	3422
37	2200
6984	2881
5821	3562
5387	1540
4762	3857
5462	3469
6123	2299
2928	3866
4254	4542
1047	3384
1495	1373
2563	3534
5946	3450
5085	1624
3216	2276
6254	3787
5725	3507
7361	3218
5973	1218
4178	930
2026	498
6214	3446
3772	3246
2666	2659
322	362
7360	4475
2540	3562
1379	1835
152	707
5278	1759
582	3800
1338	4467
4020	2293
7411	2967
112	3057
6605	3045
5464	364
6031	2577
6259	1289
1790	3329
3772	3197
6462	4000
5164	2159
7442	1419
1112	1110
4877	3960
4169	4497
355	2912
1571	535
6422	3686
3877	1878
6300	1117
5211	1387
2617	2812
1716	2816
1399	3116
6121	3498
6255	2571
4123	2307
1423	2219
4539	3569
7973	2305
6421	3196
3269	3233
4015	3615
1468	1139
1512	375
1655	4532
3047	4104
5565	3534
1379	1540
6141	3507
7092	3967
2486	2763
23	3241
5545	4159
5635	3537
1462	371
2795	1902
2650	666
1023	3493
2764	2488
1608	199
3964	863
3647	1951
5305	2299
6376	4345
5390	930
1512	522
1278	2600
1163	4171
7134	1838
1997	4405
2510	1857
756	3972
6794	2114
4123	3255
5452	748
4726	542
7248	371
7756	3241
253	1077
2811	4029
3947	4380
5465	3254
7301	460
3273	2637
1218	1557
2511	3246
649	4171
1970	888
6537	2956
1591	3972
867	4159
6278	1373
3878	4511
6322	2668
2808	3442
2039	2920
3217	123
3648	1610
7639	2059
5748	4122
934	2372
6125	483
5951	2577
8024	2039
7412	4615
5569	4011
442	3667
2860	359
7380	4702
2928	1454
2462	2848
1163	2072
2408	3999
5642	3613
5637	3866
4178	3241
7350	2577
7539	3628
6055	1544
812	1122
6803	436
6388	4597
7240	2142
5717	3574
6794	4565
219	375
7562	3507
5390	1085
323	4585
4700	714
4471	2987
1163	4402
3490	20
6478	3254
1922	3060
109	733
253	535
1574	671
2308	419
2492	1139
3735	4212
2033	475
5444	378
3255	883
3072	3011
5889	2092
2905	4422
5308	1348
145	3011
1633	3507
6430	3735
47	1373
5545	1902
5092	2464
261	2136
507	4545
2127	3447
610	283
5214	3467
924	4159
4262	2850
4767	2340
3387	3241
6133	4460
2277	2921
5164	3246
6372	2987
2860	3613
3092	1540
2031	3824
4484	3235
1477	260
5305	4345
5569	2729
3807	2883
6152	4339
7260	3291
5673	2126
401	3713
322	703
7256	3740
2277	2277
2603	4422
5529	1712
7712	3507
5067	3891
6448	3489
1908	229
303	2577
3442	3562
444	362
3589	2892
4484	1806
6889	1077
2365	930
2176	4545
2408	1601
5942	2677
4164	3808
3589	4734
3417	2577
3244	57
7033	4262
2236	1105
812	2025
5185	3291
7937	3667
2355	4339
2159	3293
7099	4755
4951	628
1402	1116
7309	667
261	682
1997	77
6762	4422
7203	2577
37	1169
8006	1499
23	4422
7088	3135
3101	2092
610	436
927	2578
7285	2039
4750	4523
4178	4401
1780	3631
2055	9
6804	985
7774	2996
6458	2440
306	187
1992	2542
625	2956
7068	2681
499	274
5800	4744
3019	3044
758	2987
4015	4401
3721	906
3772	4303
7471	3169
6448	1077
2881	3348
3390	269
1864	2614
3405	2148
5550	1252
5221	930
5662	4523
4484	2039
2915	1916
6984	1071
2015	3230
5545	3543
7147	4273
2412	3921
2125	2965
7786	4422
1379	4548
566	375
2909	3246
1780	4565
1826	4589
5092	4335
4583	2542
507	3291
5870	2070
2655	4206
310	40
8009	4253
1291	3999
4649	2856
758	330
5899	2969
861	4339
2463	3594
1732	3972
5753	4467
2488	1578
5489	3873
7357	4266
7520	393
924	3972
2330	3160
4247	801
6222	671
132	3818
6016	3393
5649	3972
4653	3399
3976	358
3103	2148
6992	2131
2344	4021
702	3658
7400	24
6794	2612
996	1540
5764	4592
4397	2873
4074	1072
3230	888
4767	2735
4951	2827
933	2920
6268	4312
4658	1122
1318	1218
4248	2881
2371	2748
7256	1696
7884	959
5792	2765
1836	3135
7135	616
5221	2464
5924	3646
4096	1096
7796	4751
1828	1534
656	3077
1257	3241
955	997
2677	2655
5306	3795
1409	1396
3735	3628
3977	1540
775	4182
6864	3669
6044	2678
3019	4512
7034	2038
2393	2051
7189	3308
7398	4422
239	4756
3940	24
2272	1823
6534	765
3856	3241
2488	1544
6794	1754
2412	3460
2593	371
3613	633
7134	4620
1825	4430
1722	1516
5748	2577
4709	251
3944	2125
1978	2219
1210	2804
2009	645
4047	2426
4696	2320
4363	291
5569	1564
7170	4216
5525	1540
434	2024
1135	3457
7092	2219
955	247
765	959
6225	1359
7858	1877
6218	3866
7017	2094
1512	2092
1987	391
5942	4690
7818	3664
423	2331
4914	1295
3382	985
3230	3274
1361	3606
94	282
7068	2392
3269	3197
6707	3489
4561	2512
6825	2023
2408	3109
3479	3507
1512	3450
7904	3277
5031	1711
7153	2748
2868	2069
4892	3385
6133	1401
322	1953
6298	3866
6380	3866
2453	3999
1744	3664
1361	2329
5673	311
6551	893
192	2807
2231	358
3965	3983
4350	2382
6796	2993
7973	790
4896	2637
6568	1673
7336	893
1673	4423
4926	3254
5709	1179
5987	2542
5225	3567
5211	419
4599	4367
641	2612
5792	4678
4124	3011
3390	2152
4599	2573
5220	522
1419	2250
3798	1071
3019	1499
398	3126
4691	4511
649	2697
3387	4542
641	247
3445	2353
6898	1759
4567	893
7256	522
6075	3021
1007	132
7099	1163
1007	2996
1409	3787
4721	1129
5030	1578
7973	957
212	2577
4143	4748
4164	3644
7301	1580
2754	2612
6897	27
1571	1646
1399	1578
6922	1115
1116	3972
5860	1122
1608	3853
6694	939
1828	838
5942	4129
177	3810
4330	3999
6075	3795
7490	3329
283	3197
2488	4434
7126	4449
5529	3246
5220	4584
5821	4422
1584	2095
3060	2924
2759	3196
3273	2340
4020	9
3343	3241
6453	4358
4914	689
7521	1012
1012	2730
1772	2484
3261	3197
5354	1540
3503	522
5305	906
1951	1540
219	3787
3602	4122
6011	9
6263	1476
2125	2484
4649	425
1627	393
4969	1610
2362	501
3090	3246
2754	3281
7642	2920
5549	4422
7281	3450
4346	3145
7301	3967
1333	2569
5914	4111
5305	3199
6312	3197
2705	1218
3733	2740
4973	2573
2911	1132
4092	4584
2383	3936
3007	3561
8021	4061
5044	3525
1075	2564
2540	24
865	3541
5516	3300
6113	1022
5082	3788
4709	4567
367	1224
1908	1117
5637	3528
2620	2305
7442	569
6376	623
5087	2577
649	1566
2462	2148
3260	1954
6251	16
7436	3866
5500	2753
4289	273
3771	1995
6376	2969
1600	3664
6815	1357
7652	2969
2449	1236
6920	4343
152	631
7547	3614
2464	1373
5792	2926
1327	2969
1624	4001
3744	1540
4155	3075
6922	1229
1725	3972
580	3197
6388	4424
7010	3534
933	1224
3991	1139
3445	475
2704	3218
7858	2313
5113	2996
6794	2850
2593	3014
1482	3060
1440	3197
7043	2577
715	1827
6989	4194
5637	3718
4700	4021
5545	3197
2593	3175
2339	1724
220	2833
145	3967
4730	893
3075	1540
6762	710
80	793
927	3714
3643	475
3661	4308
7442	1105
7248	2220
6376	234
4461	2270
7904	3638
192	8
5895	4122
6555	529
6422	1760
4096	501
3953	116
1281	3884
4896	2092
4767	1572
490	4444
4124	4009
2453	3241
7884	3023
1477	2577
7642	4656
1135	3014
3577	720
8036	2092
7851	577
6273	1096
3030	2023
2475	2469
1600	4449
1332	4422
2617	4422
4691	4423
1512	2892
7442	46
3343	3557
3024	4478
1608	588
7478	3241
4763	1759
1437	2303
2692	4475
7724	4039
554	1285
3661	4422
7756	1732
3953	1681
4649	1619
7477	1578
3521	292
1606	1077
765	2655
2791	247
4941	2092
2269	2697
1698	1960
4355	2731
7756	3667
2044	562
6534	3713
2175	2730
6421	2340
1627	3714
7866	1540
2383	3291
1765	1105
4320	796
4238	378
1035	2697
1281	1505
6222	3837
322	1610
361	4751
1398	1939
6707	4404
7904	282
5914	3943
1309	3241
1601	4408
1700	3154
2079	428
649	2956
5488	3154
6434	24
14	3142
1763	4423
1916	2588
75	1825
4300	3291
2492	1279
2218	4345
6341	3522
238	2039
3490	2305
1012	2251
2622	4467
1692	4023
702	1135
328	1096
2987	3921
2673	3871
6187	3488
7400	3534
7881	1578
2795	1041
2371	4635
444	3241
681	2407
6909	616
1414	27
7413	3196
303	2956
7041	4266
3171	4557
1510	3467
7786	2777
6026	2618
1627	4401
2987	2050
681	734
610	3373
2475	2881
6110	522
7818	4475
6539	3145
1201	1135
7041	2748
6862	522
5030	522
5996	3241
5082	1854
2453	2612
261	4558
1169	4744
4889	3241
3490	2577
1409	878
4364	4339
5392	3109
4325	1578
6347	1952
4643	4060
1922	4606
3273	4380
2949	3241
3105	1594
3153	4553
2730	4422
947	2024
7180	2362
2659	242
145	2148
1108	4295
7499	4122
1768	2382
6656	3578
289	1373
6502	1122
7881	3562
2540	3866
7260	1593
4777	1476
6255	2032
7896	3272
6794	857
2806	2612
6460	2064
610	3829
0	3197
1835	3708
1898	4422
3390	3378
649	4686
3209	667
7346	421
7243	3401
6848	1865
3390	4570
651	2777
5545	247
3610	1071
8024	1544
4156	3089
7336	705
5529	2763
5118	1598
6936	1537
2099	2681
5673	1582
713	874
6100	2873
1035	4306
1649	2131
1773	4104
4539	2763
7443	2740
7240	4300
6804	1712
6464	4523
2557	893
7494	3871
865	4548
7471	1544
3577	671
3878	4467
5784	859
2540	358
3971	1122
6643	2594
2852	3077
2362	2921
5529	816
3558	3767
3343	4523
6462	1505
7858	1825
7718	583
6246	1105
5008	3561
3248	4659
1471	814
5082	2092
5792	1902
3935	1456
6434	4548
1773	1110
5707	330
5214	1285
642	378
236	3121
1953	2447
505	821
2768	1024
6798	3291
1722	3197
3496	2305
7639	3546
1610	3546
6532	3162
191	3948
2768	3338
5176	906
4666	2105
1837	378
6898	4744
2383	142
3260	3714
2557	1218
5375	790
5725	3566
7170	3378
2975	3241
5700	4213
7186	4156
528	436
1145	3196
4951	3972
4096	3557
1860	2954
6627	4467
4213	475
3382	4023
5782	282
4636	3065
7345	1540
507	4213
7552	1902
1337	790
6347	2875
7780	4401
4484	1540
4550	3534
6039	3667
7926	1578
1997	1637
3352	2155
3179	2730
2813	720
528	1696
7415	3397
6050	2301
6474	689
1318	3546
3081	1739
6656	765
8006	1594
1346	1635
5128	3711
5782	1683
3704	3446
2231	1892
2518	790
434	1007
4851	3246
3874	743
4481	2987
5464	3241
6168	3241
6376	3960
1922	45
4971	2577
1705	2239
1187	3567
2009	3075
4815	1540
1864	1236
5907	389
3743	1505
955	4302
4914	1480
1058	3281
610	2340
2103	3291
4643	989
7301	3293
3526	2577
2449	4401
2248	626
6462	1588
1471	4423
4645	106
4164	2320
5525	1763
3273	3638
3341	1833
420	3241
7644	2159
4868	3434
168	3545
7851	146
7415	422
3469	3357
6373	833
3879	3529
6757	4341
5889	4122
5118	4520
6067	3330
2694	3534
2284	3669
3171	2041
795	189
7756	274
208	3065
7834	157
960	3590
3026	1578
1278	417
7153	4159
1437	3401
7256	1309
1691	1418
715	1324
7926	997
3577	1825
3896	4496
2754	3972
5614	362
550	4422
5406	4159
6044	3399
4529	4530
7134	3960
6165	1540
4340	844
1606	2148
2752	4519
1978	1691
2861	4308
6051	1780
2527	3154
1471	893
7521	161
2511	3401
6994	1575
4494	1179
947	3379
5462	801
3507	838
6055	3536
1289	362
1672	2706
2383	192
2026	3998
5287	2577
5923	1297
6340	3767
3269	3067
5987	2740
7436	2577
2868	833
775	1238
7092	1306
3967	1639
702	1139
2705	1646
1029	3714
1624	2039
5465	3142
682	1610
8035	687
5489	4266
7220	3795
1606	535
2416	893
4248	118
7979	2273
2606	2956
1772	2809
6448	3714
1257	2449
2718	3681
3260	1754
4592	3088
7778	1540
1024	1122
5682	2763
5412	3787
7208	4422
3301	1540
5220	4670
1112	3795
5537	2518
5370	2092
1725	4475
5043	4744
1916	2577
7574	24
7520	4460
4643	2748
6273	3150
2277	1954
1409	3308
2452	3824
238	1761
2427	2219
4868	4401
1700	1696
2340	24
1558	4504
5190	3489
5748	1122
7907	3665
3179	4488
4951	3569
1016	4117
752	2474
2557	3507
7900	4027
3179	1855
6794	336
3967	4642
865	426
1112	2340
2277	3401
5946	4146
6862	729
5591	1977
2204	2244
1400	720
1257	123
2580	3075
1948	247
5889	3489
1655	1118
6589	375
2666	814
6175	1122
394	2219
6218	2577
5913	308
3127	2681
7741	3329
5649	111
6922	1540
2277	1624
7363	1487
6448	1971
5127	3513
187	3010
7988	4401
1313	3291
7781	2121
984	4491
4762	4717
392	1324
1517	1578
3376	1777
5942	4548
505	1575
5951	1835
790	322
2391	3628
7822	4187
3019	2625
6121	2579
2663	3269
147	3241
116	826
4251	2092
7651	9
4561	2041
7532	1546
3179	1949
5860	3246
218	4522
744	4335
2463	1348
5682	2002
7564	1072
7546	2345
3967	3261
80	1122
1901	997
3485	2069
2475	4068
2453	2956
1226	4072
882	1183
6421	4584
2083	4141
3030	4335
1517	3866
3060	1151
4358	27
2072	3660
6464	4117
1997	1203
7098	3154
2048	3543
5870	3196
820	1122
1600	2777
4863	3631
3896	1540
3471	2846
1362	2843
2449	3520
6671	1199
4662	3972
1716	358
1700	3891
3230	3562
4599	3267
372	3562
3086	1236
1992	838
1812	1179
6920	595
5214	2134
5614	3164
6247	2617
699	2697
6566	4113
3530	893
7756	3632
5211	3416
7142	989
2277	1696
6972	1540
5973	4470
1135	3818
1418	998
2718	1594
7985	3014
4164	1203
7415	3852
6312	4359
4649	4467
3325	1544
2456	1968
2125	2994
372	3670
7472	2039
1608	1196
4941	2873
4730	2881
6679	1540
2277	4122
247	3713
7381	1968
306	3521
2824	27
5322	24
4930	3291
2362	1466
6954	2085
1256	1763
236	2934
2936	3135
5869	2987
5725	1254
4493	4369
5782	404
1294	1865
796	3285
2068	1108
1624	242
2868	931
3257	3488
5485	1122
7858	378
2784	2657
2906	24
6464	4422
2371	3246
2464	1505
5152	3652
6768	2537
1075	4068
49	4422
2277	4251
4762	1566
3355	1696
4649	3507
6300	1513
2232	3912
4951	4465
2938	4422
2464	1610
1692	3401
1398	3567
4529	4359
5887	3972
507	4422
6462	1954
7413	4210
7822	4523
5500	516
974	1540
6839	2612
5614	2305
7937	2539
5744	3196
7582	417
1078	4250
4238	3740
1628	2358
562	4000
702	4422
454	3246
1945	816
2462	2736
3976	3450
2540	2382
3439	2816
1988	42
4330	4562
5998	2340
7526	1931
5294	422
5489	1236
5392	2407
4777	1902
4911	4422
817	4068
1846	4401
6768	3450
7068	68
4529	3567
4178	434
731	3307
6016	3454
8002	1169
7170	2105
2557	522
6922	4455
6322	3651
6972	2540
3126	4756
5717	1952
5863	3789
7644	256
3019	4171
7285	2362
522	108
4828	1071
4652	1540
6627	493
6472	745
7623	2911
1400	898
6832	4339
2492	1578
3417	284
4941	1190
656	3079
7380	2446
1153	1699
4015	1489
1573	4659
310	1853
6254	3540
1477	3866
1980	3132
610	3241
2860	4744
2345	1902
3088	1594
6254	123
6758	1540
6784	2092
1916	4744
2735	2956
3513	2633
4696	2922
367	4744
4338	2188
6620	295
5432	3274
1440	397
6065	874
409	2911
649	2315
7149	4553
6218	1285
3343	2092
2764	2105
88	1902
6327	3241
2431	3534
6920	1572
2536	4645
6469	4665
3896	46
1327	3999
4721	1358
6502	247
6814	4169
3439	1566
3084	3373
3577	3267
1327	3241
3047	247
1945	1754
4314	1699
6605	1954
852	3638
6227	3753
958	77
239	4478
3173	1750
4777	2320
1281	1578
7709	3866
5611	1752
301	1540
4285	4467
1446	3457
872	292
1997	4548
5392	3197
757	427
3047	4308
6448	1857
1753	4422
5848	3652
212	3866
4732	3871
5992	3507
3105	3464
7938	2522
367	3787
2892	1154
4494	358
1012	3534
6848	3273
7202	3522
3516	1243
7741	700
3589	680
2639	3562
5987	3866
4724	1540
6016	3606
2511	2340
1975	161
6055	3562
6916	997
6679	2735
3417	1135
4164	1601
757	4122
4299	3787
310	781
865	2393
5951	3064
3390	350
6869	3489
1135	1794
3772	2044
120	1285
4481	540
409	4423
7172	27
2698	4444
4777	4553
6460	1800
490	1867
6774	3967
6214	4498
4118	4467
6643	3456
407	2103
5222	2578
7088	2770
7825	4212
4163	2382
7494	3114
47	3495
7671	4519
5766	2092
5516	4001
2666	1793
5838	714
6864	1993
5773	4512
2708	3667
1748	2578
3148	2393
6016	4422
4096	375
5405	2898
6421	3866
2125	2334
2982	3837
4941	3247
7104	2039
5914	3254
2427	4352
2326	4666
110	24
4583	45
1468	1218
3237	3385
2853	755
3854	344
2371	402
681	704
7879	33
3589	1591
1743	3718
7243	3267
4868	1169
2363	2956
7285	1824
511	1540
3935	4622
6036	223
322	802
5118	4288
5829	4125
3066	2362
1477	1917
522	2085
5946	4309
1916	3011
3412	8
7494	4206
3072	3135
6302	1506
4732	2148
7732	3972
3589	2637
5127	1169
442	2911
2942	419
5164	2731
3589	3286
752	4434
7068	2804
1979	4335
7146	1179
6845	3241
3390	2578
6081	3164
1978	350
5138	2092
7756	291
2488	1516
270	930
1281	1118
6422	3126
1187	555
2484	304
5983	1122
6898	4306
5725	1505
7442	3534
7134	1719
7099	1872
1707	1825
3405	825
3047	4748
2381	359
6732	557
2453	1788
4709	3537
6282	2393
7795	1241
2453	893
7256	2136
1035	4751
7989	10
2431	3241
5294	3870
3217	4690
5744	3795
1997	2956
3146	1578
4238	4422
3733	4422
326	3154
4484	169
1732	1179
2949	3866
2987	782
4178	1505
756	2770
93	2148
7973	137
420	4511
359	1110
882	4339
1005	3291
2242	3241
5305	2358
1624	2500
4149	3967
3938	2092
656	3150
1790	282
5673	2046
4868	92
6222	1835
7438	3067
5294	3009
7357	3399
927	4511
5339	4324
5748	1759
94	2577
3526	1855
1753	1139
6967	3209
4464	282
4049	2092
4909	27
5191	3454
7937	1925
603	4122
775	2092
775	4159
2581	367
8036	2299
6473	4000
5525	3567
2205	760
605	2219
7871	1786
5550	1476
7973	2612
7142	3060
1722	4380
7547	4460
3895	535
1510	3196
5046	2577
7353	4548
1655	3093
4594	1827
2408	3447
3558	1449
681	2697
7781	2484
5128	2303
3707	4690
4484	2419
4819	816
2938	1540
5951	1179
2477	2273
5773	4103
4896	1688
6370	997
1477	4237
4096	3529
7845	714
5854	4423
1606	4001
3237	1610
3341	2577
4248	3995
2291	1118
3062	4449
583	1945
321	1108
3592	1601
5792	2464
221	2092
2593	1085
6044	3197
2408	1803
6051	4467
4600	1285
1400	3175
1414	1881
7033	825
6230	3197
2822	1706
2742	1521
6067	2532
2277	73
7309	4401
735	3465
3735	3164
7830	4506
4600	2531
2151	1348
5461	2149
1370	1968
7493	3241
7167	4072
7384	2577
5164	3921
6460	3866
2673	4306
7896	1954
6656	1077
7822	350
2048	1598
1257	748
5895	3859
3647	1635
3421	801
786	3534
6273	358
7277	3429
2412	292
6016	4231
6989	11
4445	4250
1540	2018
5860	1610
3780	2875
7240	4108
580	4001
3419	1853
5246	4072
1012	3614
4464	4213
2762	1540
3772	1203
5291	2682
4696	4029
7477	3567
4902	3864
232	4422
1690	3498
7243	765
7858	2881
3244	3787
7041	2333
3772	631
6889	2578
4338	4273
1567	3498
405	1286
1007	2119
7240	1752
7240	3242
6259	3740
602	3197
6898	1594
7256	1285
582	2856
2066	1196
3775	2624
1811	2921
3205	4213
4438	782
1608	137
4763	857
2536	3921
3896	1610
3390	3245
6117	4401
4998	3044
1773	3452
359	2365
6121	3009
5709	4422
5092	4108
3733	3739
6972	847
7656	1540
4810	4380
6016	3840
7180	4104
1313	4422
2477	2881
2895	4422
6575	3464
5521	2577
2464	4422
542	1203
135	2881
2437	2299
7248	1759
1916	765
5164	3686
775	3246
4909	4043
332	2484
1024	2612
2514	27
5067	3196
4350	3246
638	714
5673	1915
5637	673
136	3291
4300	4401
820	2382
5391	2920
7099	1540
6714	3453
6462	3581
4926	1835
6464	765
2027	2039
1405	4122
4672	247
237	1179
1608	2484
7092	3234
7099	3094
2748	1588
6133	1077
5717	475
2222	4422
7699	4380
6039	1575
2218	2763
1195	208
238	421
5550	4303
4666	3446
1138	4659
6051	3291
423	4690
2699	1590
6278	3011
2009	765
7845	24
7212	947
2938	2092
3212	1506
6235	3999
6055	3791
7857	893
7595	775
4330	4548
1765	3197
2790	2092
0	1345
3813	3921
1409	2305
2762	4749
3129	358
1705	1763
2453	3824
7623	4413
1571	1902
5817	4114
6779	535
7043	127
2464	628
4172	2223
371	2313
4951	816
1112	4593
2412	2459
3077	2697
5792	3881
6254	1507
2087	4702
5662	375
5214	4756
4760	4069
3888	1891
7243	4523
47	1252
5305	3283
2659	3318
5500	4438
2833	3917
1210	1224
4951	1280
7142	4627
4552	1499
5211	1196
7134	1203
7978	3831
4289	282
571	2922
2416	3534
583	3328
7854	4548
7651	1644
4314	3114
5221	3189
5681	3241
3521	846
212	2340
3007	930
3503	2025
4911	2675
1012	3866
7756	398
4552	3615
1476	3478
758	247
899	2449
502	1095
2510	3197
1200	3291
1414	2459
4649	943
2272	1880
6004	1624
135	1113
5578	3241
1200	2039
1757	1139
6208	2814
2362	2920
5901	1540
1578	1743
4892	479
0	1664
7248	4273
605	4237
1722	1499
6327	4000
3689	421
4335	1304
2089	2577
1753	3154
7599	358
1264	2089
7741	3254
6814	1960
7642	893
1997	545
4148	1348
7735	1348
2666	402
3691	2131
3521	4051
5529	990
1700	3951
903	1348
7088	3164
6031	1540
3976	1224
4197	3837
5725	2292
5429	4512
4172	522
559	3481
3100	24
1996	2002
7170	4104
6036	4366
2277	1521
647	893
7870	177
1828	4309
1608	3514
1195	3452
2320	3507
658	375
3940	1763
4343	4744
3486	4423
2795	436
2687	3246
2112	2148
3896	2307
2498	3871
790	2092
2218	3489
972	3866
6208	2521
4725	2572
1257	3010
6992	3710
3498	4465
5795	3135
4529	1179
1945	4050
1468	3452
2477	3967
3160	4153
7652	4748
5886	247
6908	3972
1948	3534
2272	4171
2655	4434
5879	4001
5297	3569
5164	1624
3092	2956
4115	3952
5903	161
651	267
3390	1619
1540	4068
5221	1566
5357	2577
5545	4149
6057	3752
5616	861
1908	997
5525	2305
934	1578
7844	2577
219	3921
2540	1610
1996	4231
6350	714
6680	4744
2887	3534
7185	2577
2546	4548
7256	838
996	2542
6815	1183
4599	4072
5673	1904
7170	2342
329	970
7623	1122
4128	1954
3077	3023
7449	283
7286	3327
238	2881
7793	4222
1828	4401
3947	3053
1169	3972
5593	1840
605	1179
5813	399
7277	3462
4074	3399
2838	930
2479	3999
5139	4548
1494	1540
2914	1348
1495	1769
5653	137
725	3254
1992	1218
7092	1540
1405	4107
5178	4670
5294	550
1908	4459
309	4401
6909	1007
2742	371
6908	2577
7136	604
3891	4112
4472	1236
3666	1706
7780	350
7474	4423
7905	1041
3935	1385
1005	1540
2593	1297
1878	3197
2923	4113
1571	318
5211	4103
5223	2043
6656	4480
7798	247
1440	2684
2911	1540
5357	2967
5278	1553
4384	1373
4289	3565
3024	4083
7882	989
1294	3367
2464	4072
4124	2340
6305	1578
4592	282
4178	893
5792	2321
1778	1365
1318	3538
3498	4055
7271	1835
2321	2029
7893	984
6055	2341
3888	1879
7818	2956
511	2044
6075	2131
6534	2009
1807	1954
7172	4122
3469	4601
1088	1540
3390	947
1471	123
3007	4764
3938	3450
820	2197
1985	765
1791	183
752	2299
6762	2028
4725	1039
4466	4378
3772	3787
1331	1594
1361	3474
7099	4105
6427	2039
7520	2219
775	3859
6201	3246
2702	2639
3343	2920
5008	2131
2532	1902
4411	3267
4712	3507
6494	2949
2868	4589
3510	3972
5987	3196
5051	2987
5347	4504
5616	2148
7368	3173
7285	4467
1066	2044
1522	1196
4874	997
4256	2219
7354	2577
7491	689
7240	4554
1307	2577
796	535
7411	2638
3469	4076
5169	4173
6883	3277
2488	3859
6185	3450
4298	616
2508	3765
5750	2079
1757	2059
3953	4401
7007	3281
2196	2469
4415	2375
7454	4113
7435	4179
7471	3001
4868	3559
3693	2577
7572	4744
1138	3972
7088	4061
852	1575
2775	1401
7595	757
7547	2578
5782	2081
5997	3498
5133	4122
1444	375
2463	1902
729	3824
6214	3247
6324	4467
835	2708
821	535
525	1945
5525	3972
6471	4351
7010	2092
6222	868
3485	1960
775	3300
2694	2299
434	2681
3742	825
3947	4423
5500	3824
4150	522
7604	1835
6055	2031
5653	1999
5489	3241
1655	4178
4020	652
1948	1812
2186	2305
955	2484
1448	816
5983	2185
1385	2677
7756	4284
1849	1540
1673	1141
3935	261
658	682
3019	3088
2540	633
5501	325
967	2920
5138	2101
883	3196
5717	1700
875	3281
1962	3300
4512	3482
7249	27
5709	2763
5889	2342
6264	3145
4314	247
2673	893
2196	2894
2383	2612
2730	4113
4951	4316
4732	1077
2464	1501
3752	1077
1524	2159
7582	3196
1165	146
4350	4152
6273	1212
7652	4467
5444	4324
7871	3968
4314	3614
4700	201
1744	2875
1908	1236
2593	2180
7652	1598
528	3328
6100	2296
3341	3164
2449	2595
3047	4345
1922	535
7134	2577
6460	1974
1512	4345
5635	699
2540	2340
1409	1179
3096	4423
1898	3291
3752	3843
6762	1686
3721	1893
5465	1236
2545	3197
7243	2577
6055	2218
1992	201
6327	1492
7656	671
6341	3817
3132	4107
276	4744
2234	4306
7495	893
5096	1702
5665	1999
7623	93
6376	1415
1029	350
1293	3164
322	4283
781	3606
2296	4075
1075	1235
3813	1711
7043	2873
6055	3498
2408	1849
6920	3175
6016	3759
4776	3896
5840	1855
6421	1007
239	198
4102	1540
5709	1516
298	1096
4700	358
7243	1505
7118	571
5401	1839
1468	1588
571	4045
528	1763
1035	3090
2371	3464
6656	3638
7859	4253
6496	2505
5973	4013
1951	1624
2271	2754
3490	874
2476	1610
4124	1624
5725	3196
7963	2996
4896	2272
7013	1148
7064	45
603	765
2205	16
7902	4558
4129	2578
2860	790
808	997
2853	616
5190	4523
1571	4422
2960	1179
4649	3972
783	28
4844	68
4164	1285
6448	1071
909	1954
6254	2740
967	4748
144	720
7018	1105
5390	4548
4732	2578
1624	3109
4529	3175
7988	3401
6422	391
5210	893
2870	1029
1495	2577
7978	1840
7870	2002
4530	2469
6055	4040
6448	4548
7851	417
7297	790
775	1671
649	1999
6255	4748
5164	3866
5795	3636
1916	1757
3589	1503
7562	535
7547	4542
2511	1953
1400	1466
7644	46
2580	3615
955	1610
4451	616
4248	2585
2975	2748
6152	1644
2048	1601
2277	3507
3772	4367
7992	3871
5725	3424
1288	162
4411	4401
5160	2131
3494	2484
1295	3197
1195	419
4118	2612
6300	3212
6278	2092
7099	1688
8035	421
6421	1687
2975	2051
7451	1354
765	4213
6757	2577
1243	4615
7285	1193
933	4744
1117	2851
4289	3105
2196	1721
3689	2577
3589	3819
301	1610
6460	1938
1712	1122
505	1496
4921	3241
4435	4422
1945	1118
5649	4548
5545	2875
4721	185
2277	1974
4465	4401
1988	4112
4951	2787
5113	2079
5829	1624
6170	4083
4700	4703
2044	1096
3772	3081
767	930
4600	874
2313	4562
1418	865
6458	3196
1748	1236
6222	3853
6555	3153
5920	3871
2575	3241
4777	4467
7224	3196
528	3534
7099	2822
883	1594
4632	493
1544	2143
5829	4061
7195	2484
3072	1891
7904	3482
4569	3233
7454	4422
2687	652
6126	4744
6214	833
5889	1179
7988	1544
236	765
2175	350
423	2969
6869	3329
4909	9
4871	3561
2789	989
7099	1617
4335	247
7195	4744
3065	4241
6620	4061
3521	3434
7108	3811
2253	3967
6819	1203
7041	893
6804	4237
1163	3399
7142	1945
3433	989
7707	893
5053	2474
1860	1540
5914	3197
6733	4383
7491	4589
5413	613
3874	3274
7454	1224
1743	3566
6909	1428
1409	1285
109	331
2861	1610
1477	1467
3917	2981
3947	2219
7590	63
2789	1608
2271	2159
7477	1621
6909	1354
3417	1197
6936	3534
3266	3327
5214	3016
2754	282
1544	2101
4869	522
2352	2784
6254	2136
7442	3936
7621	546
4256	2273
7547	1699
496	4159
1765	4422
5619	3871
4911	1077
1594	3196
1658	9
1601	3921
329	1229
4256	2382
1035	3805
7845	782
6501	3866
3983	4401
219	1742
1307	2887
4289	4585
6460	4206
5717	3105
824	1540
8011	3089
610	3378
6712	3735
4599	2351
3624	1496
4721	188
1753	3521
809	604
7025	27
1292	378
955	3534
7580	3972
610	734
6218	1594
2344	2759
4896	4475
4636	1414
305	2816
1649	475
2612	3197
6421	2920
4188	2092
1471	4401
2795	4088
6656	1540
6104	67
7741	3904
6535	1203
775	1118
2186	3477
4828	3489
5770	1018
507	1115
8021	3787
431	535
6854	3912
7043	3693
1495	2763
1608	3219
4599	1348
562	3740
4289	1582
5997	3790
3917	3999
6804	2730
4096	3866
587	4401
5889	4475
5307	420
8000	1505
3596	1505
7719	1110
6185	1619
738	1857
1293	3562
3577	2987
7786	2986
309	1540
4649	1439
7520	1071
3745	1650
3893	2763
5438	4159
4335	2582
1243	3837
7904	4564
983	1996
3807	3714
1012	714
5536	3023
3526	2340
3273	482
1181	3861
1223	3859
833	893
3940	4519
6222	3805
4397	591
1547	27
2795	256
1765	4584
6909	3450
3512	3857
1747	1122
7547	4546
4951	3546
2453	2215
5067	223
682	1014
4599	2740
2486	2920
6254	3972
5663	436
2860	932
1462	3713
7092	2370
7380	1206
496	4542
5375	3495
649	1238
4020	3882
752	1012
3856	2920
7335	1336
5753	535
4669	3489
1495	4022
4757	869
2881	3944
1562	375
5305	3023
1948	3026
3008	4624
5259	4319
1495	4738
5658	1203
2836	399
109	2251
5214	2289
7530	3544
1768	2292
239	1952
2301	3831
4314	3439
372	1578
4951	3871
7530	4603
2427	4084
7636	905
2570	562
1257	4478
1437	3126
3965	2364
6218	1835
738	3197
4618	4720
1137	3663
4875	3396
3725	3546
4164	2118
371	1151
5461	187
1223	1095
2087	3300
4511	2590
3917	1897
3935	4122
1026	782
1256	3135
1985	3241
7149	399
5305	1355
7361	997
1338	502
7952	874
2449	1578
7309	2607
2352	3811
5305	3241
3805	2612
3139	337
7442	1540
4529	3399
6448	2920
4537	2321
6016	3217
7126	3972
2655	4562
7256	169
3807	1096
5220	4029
4700	2576
6039	4727
7202	4021
3743	2695
6141	2311
2942	4589
650	1095
5545	4154
899	3952
4909	3722
2462	2340
6501	4298
820	1540
5673	4311
5516	2375
7963	1096
4773	4744
5748	1610
239	2109
1522	1499
7884	3450
8035	1029
5782	2240
8002	2579
3856	3972
3405	4401
2593	626
1673	4072
562	3871
5649	2484
7884	3667
1313	1521
2987	281
4700	1855
5750	3866
246	1954
7707	2879
1985	2299
924	116
7639	1211
5536	3999
5673	1375
5390	493
5973	4744
2253	3857
505	1646
5085	1224
1379	475
2170	1624
872	419
7707	3075
1112	3197
5578	3329
7590	2094
1281	2142
903	1835
879	2874
2032	4422
409	4122
926	404
7172	1952
1418	3866
4645	1868
3129	3562
5529	1179
6133	869
178	2331
4569	2590
955	4672
2853	2311
7851	2850
5748	24
7547	3714
4298	2577
3179	174
310	3145
5138	4127
4763	3291
359	4553
3970	2450
6881	1835
2058	536
6989	3488
3935	4213
310	1046
2373	2131
6055	1545
5221	2519
5524	3197
2079	1540
6021	3197
1875	4744
6448	569
649	893
5164	3241
2982	2223
1876	3291
5442	2041
7243	4738
1773	3736
5974	4401
7055	2681
1765	1788
7007	1610
7043	838
5152	747
2795	2731
237	2188
1495	2382
7261	80
6809	4744
2277	4744
7843	930
7746	4401
6473	4036
5727	997
4599	90
276	2577
5221	3952
2048	4159
3173	1696
205	2604
6015	4159
7301	3871
795	2474
2594	3156
7897	3540
7013	2920
6458	3713
187	600
236	947
5221	3367
3635	2332
1116	3385
7735	4359
6421	1122
5375	3450
702	3291
3529	1917
4868	3562
8032	2358
4172	3329
3421	2039
3600	350
3807	1961
790	3845
5163	4422
2492	1757
6254	421
7319	1355
3744	3606
5214	404
5305	1122
1294	2542
5061	893
7539	77
5947	1853
3183	1118
4289	1613
5744	3329
1574	3154
4809	1773
7172	2965
3613	2577
1135	788
3772	756
5715	4401
3262	3643
5764	2079
3633	2542
6057	4086
5211	3461
6898	816
6954	3399
4164	3150
7319	2131
6824	3450
3664	3662
5770	1118
2205	3011
1922	4273
649	3562
321	3450
5973	821
5328	4665
3894	3841
1274	3661
3721	3866
5700	3839
2268	1283
2949	1566
1288	1365
3935	2423
4096	3233
7707	3340
6770	1540
1722	24
2453	3811
252	2697
7013	4700
5973	2753
4666	1996
924	3116
3255	1440
4159	2336
5662	3439
3735	3489
5901	4401
5214	3090
6227	3072
2469	2920
8035	1835
1624	2316
4178	330
359	2484
276	1122
7463	1332
6994	3909
2822	3300
824	3687
650	4670
1289	4380
4649	3088
7403	4040
4643	2430
328	2223
713	4548
6627	1135
3894	1505
5860	562
164	1902
5782	4422
6794	423
5294	414
6880	3489
4438	2763
5371	2239
4528	2920
5715	2577
4493	4216
7937	4367
1600	2920
3612	3714
7084	3534
2408	3246
132	3241
300	3534
7202	730
4202	1117
7595	3569
2557	3972
562	1502
3008	775
1163	4465
2657	3452
7084	3018
1547	4266
6656	3996
2813	1699
5221	283
7871	4206
865	3641
3242	3795
4074	1952
5782	833
1026	2542
3490	4422
5305	2573
4750	1236
6351	4744
5792	4362
5987	417
6016	569
6478	402
2239	1429
8021	842
7170	3837
7825	3843
4956	1648
775	2677
5717	4504
2661	3385
882	1089
2026	838
6768	1077
3613	4748
6235	2153
7904	1759
1195	2132
7142	1873
499	3615
7205	4000
2026	3457
2408	1540
1916	4523
2362	1763
656	169
2724	3241
1812	2612
5545	1621
2206	2471
5051	247
6113	40
310	3369
882	4652
5354	1505
3109	1071
1158	3164
1311	256
6133	4401
2205	1300
2476	714
7866	4748
6016	2071
5305	647
1608	419
3805	143
3179	878
7406	2577
2205	3385
3019	1999
4875	1540
7623	256
6281	3866
525	3011
6464	2092
5413	3541
3891	421
2492	1018
6845	1505
7746	1196
5545	546
3613	2695
3469	2921
4484	616
5030	3453
7146	2041
2784	320
6715	1502
725	3229
3382	1135
1117	2229
5565	3866
1988	2219
6889	1691
7937	1835
6845	1893
711	1594
2545	4752
955	3606
2833	535
2540	1505
329	689
809	1540
6247	463
322	41
7979	3837
1195	1072
6804	1410
6798	3293
3666	2851
5669	1096
5795	1891
2861	1606
4926	3787
4892	2608
6804	4175
4300	3011
583	4467
4156	1499
4950	2883
955	821
1165	2558
4892	3488
1235	3196
2365	2881
3179	833
6862	2740
403	399
2434	3638
7041	1122
4870	4102
1643	1835
6298	790
2540	4122
2222	2335
1521	421
7161	3813
3391	2023
4973	4040
7918	4422
494	1853
3278	2484
7092	2092
5169	2748
3279	3075
173	4584
4673	2288
2682	3689
4129	2968
7928	475
7285	3696
5591	4060
7208	2092
7882	1348
5653	535
6576	3452
6464	4542
2488	4422
2909	1139
7856	3281
5723	2590
5616	1916
3171	1610
7149	2109
2015	3401
6471	4605
5637	3952
5653	2148
329	4648
4644	3197
761	3718
2540	3254
6994	1646
329	2558
7973	628
3490	4444
1169	1601
135	2802
7707	2577
1066	2728
4047	21
947	1865
8024	893
1169	1857
3610	4004
6422	4475
5545	838
6324	2223
2540	3999
775	562
5792	1862
6388	3871
367	4022
1281	3009
2581	4389
5954	2358
4643	4301
2540	844
5997	893
2824	782
4000	3011
2277	1902
7979	3522
5253	3972
610	1660
5795	765
7737	1578
2936	3522
4725	3565
2532	290
835	3507
4299	138
5297	4352
420	2763
1218	2313
5673	45
1988	3999
1863	1988
2383	1118
5951	4422
5673	4684
3752	3912
3485	878
7786	487
4338	3457
3007	3864
420	2067
5042	2092
5792	1203
5128	2382
7381	2498
2416	3011
2853	2051
4037	2148
3450	4548
2648	893
7064	75
7978	2153
4767	4029
4717	685
3376	3416
2742	2344
7884	4714
2269	2577
5550	2517
972	3628
903	2234
1979	1224
7404	4024
1996	1803
3077	4467
6458	816
4868	2881
4762	947
4659	1309
6460	350
7943	2847
7126	3580
212	137
3577	3507
5717	4309
756	2152
6448	1348
3733	1654
3086	4072
7243	3866
3390	4369
1292	2092
4599	4237
3284	3669
7741	3550
6282	2313
1112	1505
1289	3714
2581	3824
306	3780
2980	1196
367	3009
790	868
6100	4444
2153	1671
4649	4152
6575	375
6179	242
1187	2748
4490	3241
1281	2948
7454	1761
29	3972
752	3866
7248	821
6586	4000
3336	3378
1608	45
512	3197
4095	274
3813	419
5889	997
5147	3921
5700	1577
4484	1945
6656	3714
5214	874
7118	4542
4156	268
3148	3011
656	957
6944	4422
8022	2709
5354	4748
6289	1072
882	1511
5128	2577
7996	1763
300	3857
3205	3066
237	3104
3294	1540
1032	4751
70	1578
6437	861
7539	4423
4777	3281
3507	2956
4642	3795
1985	1857
5782	3452
4238	282
6254	4114
1135	2153
7474	242
6889	2681
6909	2051
3173	2061
7298	4000
3534	2382
642	3669
2153	1443
5602	4572
658	4401
4494	2133
4990	2875
638	421
7357	1073
3813	3926
456	2577
112	2358
1468	3151
4725	3268
1289	2173
7582	1954
2975	1969
7707	2816
858	4467
5792	1885
7871	3567
2032	1610
4108	3197
4842	247
2162	870
322	2621
1916	4519
6103	3714
4673	1149
4879	3241
5792	1328
3075	3154
7436	2051
6906	4462
2296	189
4289	838
3148	2748
7403	2469
6254	3615
1075	2727
7043	3360
4767	898
1471	1077
5727	4744
6654	3866
1970	2577
5429	318
3976	1283
6376	802
1223	838
6671	2908
6568	3197
534	1238
5128	3562
4600	3811
5914	2920
4941	2971
4653	3145
5488	1902
860	3507
2383	880
2277	4352
933	765
219	1655
6502	4422
7340	299
6057	1761
1418	1522
6247	3857
2440	1179
7385	1759
2540	765
6133	1224
1112	2382
1828	3693
7442	1492
3589	3267
6055	1594
1379	2159
6462	893
5138	930
583	1691
212	1566
650	920
6754	1640
4875	766
1367	1540
1405	3785
1988	4401
7353	3948
3752	3023
2580	1902
3376	3860
7599	4542
5225	817
7245	4000
5792	2858
1163	4016
6341	3972
2391	152
2795	598
2468	2578
1985	3378
7319	3967
5294	4711
5992	4422
1235	3291
5879	997
4973	1657
7741	1848
6593	3522
2416	3378
1807	4542
2089	1505
1112	2092
5997	3218
1608	1915
1725	3534
3610	2881
5111	535
1606	4306
322	1347
4213	3239
4020	997
1985	893
7973	4159
4612	1002
4155	4054
5181	1578
5391	33
2344	4014
6641	2297
1385	2103
4750	2173
4724	2944
261	2412
1400	3507
7449	2046
7084	3452
4750	1355
7147	893
7285	1096
4247	1825
7778	1348
1419	1169
3521	3332
7547	85
5128	3567
3704	3399
3752	3638
6430	2307
6534	2577
7819	1179
4888	4633
322	2508
2593	4123
5973	3899
656	1354
744	269
7595	148
6055	2763
1291	3972
5050	3042
169	1858
192	1093
5907	2219
1117	4067
2887	2474
4096	3450
3179	617
3391	1610
2188	3241
4203	2051
7357	4556
967	2943
7260	4380
6178	2321
4095	2926
4948	3508
6920	3160
2469	4422
6039	4036
1268	1540
3195	3871
2079	4086
205	535
3129	2718
553	508
6846	247
5406	2382
2464	1511
6501	1843
5147	1283
7707	4562
6749	4200
4567	4422
7564	373
7403	3009
6815	2181
4874	2251
6535	78
3895	3638
2702	1566
3619	436
4869	2987
3589	1703
656	4576
1243	2288
417	3385
3090	4021
4645	208
1075	1285
1549	3656
6773	774
903	4024
7825	1891
7639	3450
865	840
4875	1135
947	874
6680	2382
7547	4380
5748	1578
4397	4565
974	4755
261	4196
6121	4162
157	2494
1987	3411
1757	3267
7471	1875
5717	3998
3569	3999
2510	3277
135	2268
2536	2763
3584	3197
1223	2449
7403	3740
7746	337
8021	4755
1311	1610
2344	2979
4335	1718
6388	1017
2617	1763
301	3197
5545	2124
1257	1348
1183	569
7084	4366
4539	1873
1318	3127
2027	4367
4172	3546
6846	1780
6804	1540
7825	1879
2787	2846
5997	46
1658	1236
7203	24
5750	24
2127	1113
4851	3291
3677	3628
6563	1286
8027	1803
1584	901
4081	1902
321	949
5987	997
5300	3534
7672	2402
6909	244
4777	754
7017	1013
5935	2577
2391	885
6794	2085
6656	1891
3030	2730
3337	4744
5211	2473
6347	4213
5256	3196
1075	4744
3076	3246
6254	3109
1948	3196
5829	4028
135	3196
1608	4684
4289	2151
2439	1734
4492	4088
116	906
14	3864
5464	456
5550	2677
2511	3114
3707	3267
1495	2148
2392	3200
5118	1362
5658	4670
2002	3904
610	2586
7256	3920
4878	3329
1181	4250
6654	893
1951	1892
2383	3963
6794	714
2002	132
765	1566
4567	4021
4971	2092
2151	1073
7552	4744
6071	2161
2906	3274
3362	2577
7768	1505
1876	1122
8036	4548
6133	4523
7599	1286
6922	1472
2659	3797
4248	4449
7224	4475
4484	1553
947	1072
2277	4001
200	3241
322	1355
478	1540
2033	649
7172	632
7357	2151
4289	4553
1922	936
3077	2148
5214	1387
3693	421
6104	2159
2321	476
7212	3740
7043	1116
7695	3399
310	1464
4433	2153
3500	2577
5873	2577
4529	1524
8032	3562
6909	2612
4165	4422
4087	3546
7002	2705
6300	1961
6656	3963
2593	2151
2868	248
1765	3866
1395	816
7412	3399
1624	4380
6247	189
6633	4751
6208	45
2540	3613
3114	2142
5127	3135
7045	3241
6779	459
3273	3714
4875	1772
5164	1013
5429	667
6222	3967
3976	816
6534	1616
6809	4394
3007	1348
610	2105
0	4001
7651	1578
4888	2105
4878	3135
6039	3954
5138	1203
1163	307
5525	1218
4529	4097
4415	2219
2103	3175
7088	61
4164	3088
7822	4401
3153	2132
1571	4389
4238	3866
1294	258
681	8
454	2092
491	3811
775	3787
6222	535
6464	1610
7013	3196
3558	2731
4951	4049
261	4690
7451	2920
6384	3241
5653	436
3268	2577
1200	3859
6916	4444
4128	406
5475	350
359	874
4202	326
2002	4557
4523	3305
1992	162
1896	78
6883	1540
6576	2039
958	2987
3271	3871
615	2740
1978	3967
7243	4266
372	3730
5190	3534
5700	1072
817	4125
7088	1499
860	2922
1544	3813
6030	1964
358	67
6437	1773
1471	1792
5550	282
7041	989
752	3963
5516	4692
159	1635
3308	2763
6016	2881
2193	4036
7265	1540
3355	2092
4539	3267
649	1218
5536	4306
6031	3104
756	1578
6030	1699
3935	4541
1268	3241
2453	4203
7870	4036
4289	2595
3753	4122
1707	2530
1209	3740
2284	2763
7260	3378
2492	1606
2416	3614
3957	2083
4776	3537
321	2473
1732	3160
6036	906
3127	4465
1066	4346
7017	291
4520	1218
2159	4619
7271	3274
4777	4550
434	732
2488	2822
2371	4207
2153	3567
1908	2382
109	1894
6008	3160
4730	3011
1517	3534
5082	2430
1765	4401
3893	4585
4703	1619
4951	3811
7884	417
1962	4642
2488	1396
6989	4026
6170	2176
2540	2092
7871	4523
3964	2577
7735	522
2453	535
4535	223
5529	3567
1075	4559
7858	3399
4762	3638
5294	3477
2277	516
238	4165
1318	1122
1634	3382
5973	3467
5795	1105
3668	3009
4096	945
2617	3831
6051	4254
7357	863
2928	123
1744	2382
7170	4072
7793	3795
610	4542
2527	1610
2391	348
3806	2223
2341	3963
3105	352
1979	1454
582	3273
1163	3667
5545	1996
967	4122
6026	3871
1259	4587
7636	2045
4743	1013
1578	2382
4015	4423
2204	2873
1158	2695
1773	4043
8035	3818
3976	1703
489	4122
4289	1952
454	1857
5905	4619
757	4000
3577	1325
5870	421
6521	375
4164	2018
6222	1824
554	1014
819	3522
4251	2612
2741	2577
5525	2987
7033	1830
817	214
1722	3740
3691	1646
2557	3866
7973	3109
398	4346
3838	3319
7561	2987
3704	1616
1235	3241
924	3522
1318	4159
6922	4184
6462	783
2253	3489
5294	3304
4299	4036
2277	4212
5887	4159
5357	2067
1633	3638
528	1578
7340	4422
7386	330
6346	782
1005	3999
2853	3667
2506	4422
2488	3718
1748	1891
3469	4383
6110	1727
7084	2092
2441	765
1773	1600
7449	1644
6254	1999
3347	3704
689	1540
3558	4326
7243	535
5305	3489
7992	4113
7871	420
4696	1301
5477	3064
4834	2299
3785	3241
2427	2787
2987	27
6376	2224
7369	2850
2666	1355
7172	1726
5278	3983
7865	3972
2392	3436
947	133
837	2637
4335	906
6397	1122
1158	3811
757	3534
7884	3373
3935	3038
2118	3018
2087	1946
3468	1073
1628	2443
6113	4339
7722	2382
3335	562
2520	1954
7735	2136
6773	783
5672	1702
4289	1803
1748	4548
7142	1239
1257	4083
7099	2136
2296	4485
7220	131
1985	2811
2819	4751
3486	1071
2453	2850
4150	4021
2540	3811
98	2339
3390	1077
5816	3197
1584	1348
702	3863
7735	4690
5946	2193
1409	4341
933	2996
6898	4073
230	330
8021	2273
6922	420
5114	394
4461	3205
2887	4670
2416	2152
757	2730
4096	3246
7099	1203
3957	2372
4481	2932
2236	2987
6282	375
1606	2577
3643	2542
2742	4751
2052	1569
3255	1486
6543	1072
7530	539
3743	3522
6815	1594
328	3680
4123	2578
3564	1496
4724	667
7989	760
2073	1367
7737	375
7871	1964
7415	2484
4950	907
7871	4380
6779	2586
7897	1835
3237	3329
7907	1811
7884	3811
2617	3613
6712	4678
4382	843
1996	2636
5220	1759
5390	208
7243	2219
3485	4735
4653	1547
924	3753
1418	494
3518	4620
1195	1780
