3
6
7
16
30
37
41
45
47
50
52
56
60
64
65
68
71
72
75
83
88
93
94
100
103
120
127
135
137
141
142
144
148
154
156
159
164
165
169
180
181
183
184
191
192
196
197
203
204
209
211
214
215
216
217
218
220
224
234
236
245
256
267
269
277
287
315
318
330
335
336
339
341
342
343
344
349
358
363
378
379
386
390
405
411
421
423
424
429
433
437
441
443
448
452
454
464
471
474
490
508
509
511
512
513
560
562
563
568
574
582
585
587
592
593
603
604
607
614
617
623
624
640
643
646
652
654
659
664
670
673
678
683
684
685
694
695
699
719
723
727
733
758
767
768
771
777
780
783
787
791
795
796
809
814
818
819
820
826
828
830
839
853
862
866
867
883
885
886
900
903
908
915
918
926
928
933
934
937
941
942
953
958
961
964
973
975
979
981
982
986
988
991
994
1000
1003
1005
1008
1013
1014
1020
1023
1024
1027
1033
1034
1035
1043
1044
1055
1056
1067
1071
1073
1077
1090
1097
1105
1107
1110
1112
1113
1117
1121
1122
1126
1128
1138
1140
1145
1150
1153
1155
1158
1159
1168
1175
1178
1183
1194
1203
1215
1217
1223
1226
1231
1233
1237
1238
1247
1248
1249
1253
1264
1272
1274
1276
1300
1305
1309
1320
1322
1323
1327
1328
1330
1332
1344
1347
1348
1349
1350
1358
1359
1369
1371
1379
1381
1386
1388
1390
1392
1394
1402
1407
1411
1412
1419
1421
1422
1439
1442
1444
1450
1452
1455
1458
1466
1475
1476
1477
1485
1486
1489
1490
1491
1495
1500
1502
1507
1508
1517
1520
1522
1523
1526
1530
1535
1537
1567
1574
1598
1603
1604
1605
1609
1611
1612
1615
1617
1622
1623
1628
1633
1634
1636
1640
1644
1645
1655
1658
1661
1666
1667
1674
1676
1677
1678
1688
1694
1695
1698
1699
1700
1702
1712
1718
1720
1733
1738
1740
1745
1746
1752
1759
1768
1770
1773
1774
1777
1778
1783
1803
1805
1811
1822
1834
1838
1843
1846
1859
1866
1868
1869
1875
1876
1877
1878
1880
1882
1884
1895
1896
1901
1903
1909
1910
1911
1915
1916
1922
1936
1938
1940
1948
1954
1961
1962
1967
1971
1972
1974
1976
1978
1980
1986
1990
1993
2001
2002
2005
2010
2014
2036
2041
2042
2058
2065
2067
2084
2086
2092
2093
2094
2096
2105
2110
2113
2118
2122
2125
2130
2135
2138
2150
2162
2167
2169
2171
2180
2196
2201
2206
2213
2215
2222
2225
2228
2242
2247
2250
2255
2257
2259
2260
2264
2269
2270
2272
2274
2276
2277
2285
2293
2298
2304
2311
2315
2317
2321
2323
2326
2328
2333
2335
2344
2346
2352
2358
2359
2361
2366
2367
2370
2371
2376
2379
2388
2389
2390
2396
2401
2411
2412
2416
2419
2420
2421
2425
2428
2429
2431
2432
2448
2453
2454
2455
2458
2466
2468
2469
2474
2494
2495
2498
2502
2505
2524
2528
2533
2534
2538
2549
2552
2555
2560
2579
2583
2597
2598
2603
2606
2609
2615
2619
2624
2626
2627
2631
2639
2643
2652
2656
2661
2665
2681
2688
2691
2699
2702
2705
2713
2720
2723
2734
2748
2749
2751
2752
2753
2755
2758
2766
2773
2776
2778
2783
2791
2792
2806
2809
2812
2817
2824
2825
2830
2836
2838
2841
2845
2848
2851
2853
2854
2857
2871
2874
2878
2887
2894
2903
2917
2921
2923
2925
2926
2930
2944
2946
2947
2956
2957
2963
2975
2984
2992
2994
2995
3003
3016
3021
3030
3032
3036
3039
3047
3049
3050
3063
3065
3068
3069
3074
3078
3083
3086
3087
3091
3092
3097
3098
3106
3118
3122
3124
3130
3131
3133
3134
3138
3140
3141
3146
3149
3166
3167
3168
3169
3172
3173
3184
3197
3202
3204
3205
3206
3207
3208
3215
3224
3238
3241
3244
3277
3282
3283
3297
3301
3303
3322
3325
3326
3335
3347
3348
3357
3359
3361
3368
3372
3375
3378
3380
3384
3396
3397
3401
3403
3410
3414
3420
3424
3430
3433
3434
3438
3459
3462
3472
3474
3475
3478
3479
3488
3491
3495
3497
3509
3517
3519
3524
3529
3530
3534
3544
3545
3552
3557
3560
3564
3574
3583
3587
3594
3595
3597
3606
3608
3612
3620
3621
3628
3631
3646
3668
3670
3672
3675
3679
3680
3683
3685
3686
3692
3695
3700
3713
3717
3720
3723
3724
3725
3728
3744
3760
3761
3773
3783
3784
3786
3787
3788
3796
3803
3807
3810
3816
3818
3819
3824
3830
3836
3864
3866
3870
3871
3874
3880
3888
3898
3900
3906
3908
3913
3916
3921
3925
3927
3934
3941
3944
3946
3953
3957
3964
3976
3977
3980
3982
3991
3992
3994
3996
3997
4005
4017
4028
4038
4041
4052
4054
4060
4064
4071
4073
4078
4083
4084
4085
4089
4094
4099
4101
4111
4114
4115
4122
4125
4126
4136
4143
4154
4157
4160
4163
4172
4177
4178
4180
4181
4183
4192
4195
4197
4201
4206
4210
4214
4227
4228
4231
4237
4249
4258
4261
4265
4269
4271
4275
4283
4286
4288
4289
4294
4302
4303
4304
4322
4325
4330
4331
4341
4342
4345
4346
4348
4350
4357
4359
4374
4381
4382
4384
4385
4388
4392
4410
4414
4415
4422
4423
4434
4448
4454
4455
4456
4458
4459
4463
4465
4467
4472
4476
4482
4485
4486
4492
4499
4515
4517
4530
4532
4534
4539
4544
4559
4562
4577
4580
4587
4591
4592
4593
4601
4603
4604
4615
4617
4619
4622
4627
4628
4629
4636
4638
4642
4651
4653
4654
4655
4658
4668
4682
4686
4690
4693
4699
4700
4704
4712
4715
4717
4723
4738
4747
4755
4761
4770
4774
4789
4796
4802
4806
4817
4820
4821
4827
4833
4835
4840
4842
4858
4860
4863
4886
4887
4890
4901
4902
4923
4935
4937
4938
4945
4952
4958
4959
4960
4961
4962
4976
4978
4988
4993
4998
4999
5004
5006
5019
5020
5033
5046
5050
5058
5062
5065
5073
5077
5079
5084
5085
5092
5093
5095
5097
5100
5109
5113
5118
5119
5128
5135
5141
5145
5148
5151
5156
5158
5160
5162
5164
5166
5169
5176
5181
5183
5193
5197
5207
5212
5219
5224
5229
5242
5244
5250
5252
5253
5254
5255
5260
5262
5275
5284
5289
5290
5292
5294
5298
5299
5306
5324
5327
5334
5344
5346
5347
5352
5353
5369
5371
5374
5379
5382
5391
5392
5402
5409
5416
5417
5418
5425
5435
5442
5443
5448
5450
5458
5462
5465
5469
5487
5497
5501
5509
5516
5517
5518
5522
5523
5526
5527
5528
5530
5535
5540
5541
5543
5545
5548
5550
5566
5567
5568
5573
5576
5581
5584
5587
5590
5591
5593
5606
5607
5610
5616
5620
5624
5625
5627
5629
5634
5637
5644
5648
5654
5658
5661
5662
5664
5669
5675
5679
5682
5683
5689
5691
5695
5696
5699
5700
5709
5722
5731
5732
5735
5739
5740
5748
5756
5761
5766
5767
5773
5779
5788
5808
5815
5825
5834
5839
5841
5846
5862
5866
5882
5885
5892
5902
5907
5923
5926
5933
5935
5938
5940
5944
5946
5949
5956
5961
5964
5966
5970
5975
5979
5982
5983
5985
5997
6018
6020
6021
6029
6030
6032
6033
6046
6056
6065
6072
6075
6078
6083
6084
6086
6088
6093
6099
6119
6122
6124
6126
6138
6147
6151
6163
6164
6166
6173
6182
6190
6193
6203
6210
6212
6214
6220
6222
6226
6238
6240
6241
6243
6244
6254
6256
6258
6267
6273
6277
6279
6281
6306
6309
6316
6318
6323
6329
6338
6344
6351
6354
6356
6359
6360
6366
6384
6385
6386
6387
6391
6392
6393
6395
6397
6401
6404
6405
6414
6421
6426
6427
6428
6442
6449
6451
6452
6461
6468
6469
6476
6478
6485
6491
6494
6499
6502
6503
6507
6516
6521
6530
6536
6547
6548
6549
6551
6561
6565
6571
6575
6577
6578
6579
6580
6582
6599
6607
6609
6610
6631
6638
6641
6649
6655
6659
6660
6669
6671
6680
6686
6687
6692
6707
6708
6711
6714
6715
6716
6717
6718
6724
6730
6731
6737
6742
6745
6751
6753
6755
6758
6771
6778
6790
6799
6801
6802
6804
6810
6813
6822
6824
6835
6839
6841
6845
6858
6861
6866
6875
6876
6886
6893
6900
6913
6914
6915
6921
6929
6934
6941
6953
6954
6964
6969
6972
6985
6988
6996
7014
7020
7021
7027
7031
7039
7043
7047
7050
7062
7065
7066
7074
7079
7088
7091
7105
7112
7117
7119
7120
7124
7129
7138
7141
7143
7148
7150
7163
7170
7173
7175
7178
7179
7180
7182
7187
7188
7190
7209
7210
7221
7235
7244
7245
7247
7248
7254
7255
7258
7259
7266
7267
7272
7275
7280
7282
7291
7302
7306
7310
7313
7321
7322
7328
7330
7335
7350
7352
7362
7370
7380
7390
7404
7409
7418
7429
7433
7435
7439
7440
7463
7470
7471
7472
7481
7483
7488
7491
7494
7499
7507
7512
7517
7523
7526
7528
7531
7532
7536
7548
7552
7554
7555
7556
7564
7565
7568
7574
7576
7591
7594
7609
7616
7629
7633
7639
7640
7647
7653
7655
7657
7658
7665
7669
7672
7679
7681
7682
7688
7690
7692
7702
7711
7712
7715
7718
7721
7730
7760
7766
7767
7772
7778
7779
7780
7793
7798
7803
7821
7834
7838
7840
7842
7843
7847
7851
7859
7860
7863
7868
7871
7879
7880
7885
7890
7894
7900
7916
7921
7923
7925
7938
7941
7942
7949
7958
7964
7971
7976
7977
7979
7982
7983
7987
7991
8007
8012
8017
8020
8023
8027
8030
8031
8032
8037
8041
8042
8046
8047
8048
8051
8055
8060
8061
8062
8064
8067
8071
8074
8076
8080
8082
8084
8089
8094
8096
8105
8106
8108
8110
8115
8116
8119
8125
8126
8132
8136
8144
8148
8158
8160
8167
8170
8172
8175
8178
8183
8190
8191
8196
8199
8200
8214
8218
8223
8235
8238
8242
8250
8251
8267
8268
8270
8287
8294
8312
8317
8318
8322
8332
8354
8360
8369
8371
8372
8376
8377
8379
8380
8389
8393
8400
8403
8406
8410
8415
8420
8421
8428
8436
8438
8439
8441
8442
8446
8448
8450
8454
8466
8469
8471
8473
8482
8483
8486
8488
8493
8503
8506
8509
8510
8513
8523
8555
8558
8561
8565
8570
8573
8576
8577
8586
8587
8594
8600
8604
8610
8611
8612
8617
8633
8640
8641
8642
8647
8649
8654
8667
8673
8674
8681
8687
8688
8693
8694
8699
8703
8717
8718
8720
8723
8727
8728
8730
8731
8741
8748
8749
8762
8766
8771
8772
8773
8804
8812
8817
8822
8825
8833
8838
8843
8848
8851
8858
8867
8869
8872
8873
8879
8882
8886
8898
8899
8906
8907
8908
8909
8914
8917
8918
8921
8929
8932
8934
8939
8942
8943
8945
8946
8948
8962
8967
8974
8975
8982
8983
8998
9008
9016
9017
9018
9021
9022
9026
9030
9043
9046
9049
9051
9057
9060
9066
9083
9084
9085
9090
9091
9093
9095
9112
9114
9120
9121
9122
9124
9128
9129
9136
9137
9138
9146
9148
9152
9154
9155
9156
9157
9163
9164
9167
9172
9180
9189
9193
9194
9196
9204
9206
9208
9215
9217
9223
9228
9235
9238
9239
9243
9263
9265
9271
9272
9273
9274
9290
9293
9303
9306
9311
9314
9317
9321
9322
9323
9334
9336
9342
9346
9354
9361
9362
9368
9378
9397
9399
9400
9403
9407
9409
9414
9419
9421
9425
9441
9443
9449
9451
9453
9458
9461
9475
9482
9489
9493
9494
9502
9509
9510
9525
9533
9543
9564
9580
9597
9611
9617
9620
9626
9651
9655
9667
9668
9673
9679
9680
9682
9690
9692
9693
9696
9700
9701
9703
9708
9715
9717
9720
9723
9729
9731
9732
9742
9752
9756
9770
9772
9775
9780
9782
9793
9795
9806
9807
9808
9815
9820
9825
9829
9840
9852
9854
9861
9862
9868
9869
9870
9873
9880
9884
9894
9898
9901
9921
9926
9930
9932
9943
9947
9948
9950
9952
9968
9976
9983
9987
9995
9996
10003
10006
10024
10028
10036
10049
10055
10057
10058
10060
10064
10066
10071
10078
10080
10081
10085
10089
10094
10100
10108
10114
10117
10120
10121
10123
10128
10136
10139
10140
10149
10153
10160
10162
10167
10172
10175
10176
10177
10182
10183
10185
10188
10191
10196
10199
10200
10204
10205
10212
10214
10220
10221
10222
10223
10225
10231
10232
10236
10240
10242
10250
10256
10257
10263
10266
10267
10271
10275
10281
10283
10285
10289
10291
10296
10307
10310
10311
10317
10319
10322
10334
10339
10342
10355
10356
10357
10359
10380
10394
10398
10407
10408
10409
10418
10419
10420
10422
10423
10425
10433
10440
10442
10450
10460
10469
10475
10476
10486
10489
10490
10491
10492
10498
10500
10504
10510
10515
10523
10526
10533
10534
10538
10544
10554
10557
10571
10573
10576
10577
10579
10584
10588
10597
10598
10606
10610
10617
10620
10621
10625
10627
10631
10632
10637
10638
10645
10651
10656
10666
10667
10675
10681
10685
10692
10696
10702
10704
10707
10728
10729
10733
10737
10743
10746
10765
10766
10772
10774
10777
10779
10780
10783
10794
10796
10807
10808
10812
10817
10821
10833
10835
10843
10848
10852
10864
10866
10872
10874
10876
10880
10881
10890
10893
10894
10897
10909
10924
10928
10935
10940
10946
10959
10960
10963
10969
10973
10974
10981
10982
10983
10995
10997
10998
11000
11003
11004
11009
11011
11013
11015
11034
11035
11042
11047
11051
11055
11056
11057
11061
11062
11065
11069
11072
11073
11076
11079
11085
11087
11088
11097
11100
11102
11105
11109
11125
11130
11133
11136
11140
11142
11151
11152
11158
11165
11166
11169
11170
11171
11181
11189
11191
11194
11200
11202
11209
11210
11217
11219
11223
11229
11231
11234
11242
11247
11248
11249
11252
11254
11259
11260
11267
11279
11284
11287
11290
11295
11298
11299
11300
11303
11307
11311
11317
11320
11322
11323
11324
11329
11335
11345
11347
11348
11350
11353
11355
11356
11358
11365
11376
11379
11380
11385
11387
11397
11398
11399
11408
11409
11411
11419
11420
11434
11437
11441
11455
11457
11464
11471
11474
11479
11481
11489
11496
11501
11504
11507
11513
11514
11523
11524
11527
11536
11539
11545
11549
11554
11556
11569
11573
11575
11576
11577
11585
11594
11595
11597
11598
11604
11605
11613
11625
11626
11627
11630
11634
11635
11640
11643
11653
11661
11663
11666
11677
11680
11684
11686
11701
11703
11710
11713
11714
11717
11718
11726
11737
11743
11751
11774
11784
11789
11802
11804
11807
11809
11817
11818
11821
11831
11832
11834
11841
11842
11845
11848
11854
11861
11862
11865
11867
11869
11871
11889
11899
11900
11905
11909
11915
11918
11928
11930
11946
11952
11953
11957
11960
11963
11967
11969
11971
11977
11982
11988
11994
11995
11996
12007
12019
12023
12024
12025
12029
12031
12033
12035
12036
12038
12039
12046
12048
12049
12063
12075
12079
12084
12085
12095
12098
12100
12102
12103
12105
12108
12117
12118
12120
12121
12126
12127
12131
12135
12139
12143
12145
12148
12155
12156
12162
12163
12165
12170
12172
12174
12175
12186
12189
12190
12192
12193
12197
12198
12205
12206
12226
12230
12234
12243
12246
12249
12250
12253
12265
12270
12273
12274
12277
12279
12282
12283
12286
12293
12295
12302
12307
12308
12311
12315
12320
12321
12322
12327
12335
12341
12342
12347
12348
12351
12369
12370
12373
12382
12383
12397
12399
12416
12424
12434
12446
12456
12458
12470
12486
12487
12490
12491
12492
12496
12501
12509
12510
12516
12528
12529
12534
12537
12539
12540
12546
12547
12554
12557
12563
12564
12565
12566
12576
12582
12590
12592
12600
12606
12608
12620
12629
12632
12653
12660
12662
12666
12670
12671
12672
12673
12678
12690
12697
12699
12703
12705
12714
12722
12723
12739
12743
12754
12755
12760
12761
12762
12770
12772
12776
12781
12785
12794
12796
12803
12826
12840
12842
12843
12844
12849
12854
12862
12872
12873
12885
12888
12890
12893
12896
12902
12906
12910
12913
12920
12923
12924
12937
12944
12947
12956
12957
12958
12960
12971
12975
12976
12981
12987
12989
12994
13000
13003
13005
13011
13017
13021
13027
13035
13036
13040
13042
13043
13053
13056
13061
13062
13076
13080
13083
13091
13095
13099
13100
13107
13113
13128
13135
13136
13140
13171
13183
13186
13188
13201
13206
13211
13214
13217
13221
13225
13234
13239
13240
13269
13273
13275
13282
13286
13289
13293
13296
13300
13306
13312
13315
13317
13319
13321
13322
13325
13332
13345
13350
13352
13361
13370
13373
13377
13380
13382
13391
13392
13396
13403
13405
13409
13410
13413
13415
13418
13426
13427
13438
13444
13458
13465
13471
13474
13478
13481
13482
13483
13491
13492
13495
13499
13500
13516
13524
13530
13542
13543
13544
13546
13552
13553
13559
13566
13574
13576
13581
13584
13589
13600
13604
13610
13615
13619
13622
13628
13633
13639
13643
13644
13657
13659
13663
13665
13667
13668
13673
13682
13688
13689
13694
13698
13711
13712
13715
13718
13723
13726
13735
13742
13749
13756
13757
13758
13760
13768
13773
13782
13789
13790
13797
13799
13802
13818
13820
13835
13838
13850
13851
13852
13859
13861
13865
13870
13872
13878
13887
13889
13893
13906
13907
13918
13919
13927
13944
13945
13954
13955
13960
13963
13976
13978
13982
13988
13992
13994
13999
14001
14004
14014
14024
14033
14047
14064
14075
14085
14092
14099
14102
14104
14107
14114
14115
14121
14126
14128
14129
14130
14133
14141
14147
14149
14153
14154
14155
14161
14169
14177
14178
14182
14185
14186
14191
14193
14196
14198
14200
14202
14205
14209
14222
14228
14232
14239
14272
14276
14282
14283
14288
14293
14297
14312
14321
14326
14329
14330
14337
14338
14342
14348
14352
14353
14355
14358
14359
14365
14378
14397
14398
14407
14408
14413
14419
14421
14426
14441
14442
14452
14455
14456
14473
14482
14486
14496
14518
14519
14520
14545
14549
14556
14558
14560
14561
14562
14566
14575
14578
14582
14588
14594
14599
14603
14606
14613
14619
14631
14634
14646
14649
14657
14663
14680
14684
14687
14692
14696
14699
14706
14712
14732
14733
14735
14736
14737
14745
14753
14754
14758
14760
14768
14773
14775
14780
14785
14788
14791
14792
14795
14797
14800
14804
14805
14809
14815
14817
14822
14830
14833
14836
14837
14838
14839
14856
14859
14868
14875
14878
14884
14885
14894
14905
14910
14919
14925
14933
14934
14947
14962
14965
14974
14975
14980
14984
14987
14996
14999
15005
15007
15010
15015
15018
15020
15032
15036
15040
15041
15049
15052
15053
15054
15060
15064
15068
15071
15074
15081
15082
15083
15097
15111
15112
15115
15121
15127
15128
15129
15137
15138
15139
15144
15147
15154
15160
15174
15176
15179
15184
15188
15189
15195
15196
15206
15207
15218
15222
15231
15234
15237
15239
15242
15245
15247
15248
15250
15253
15258
15263
15265
15272
15284
15285
15286
15289
15294
15309
15311
15312
15317
15319
15320
15325
15326
15331
15336
15337
15339
15341
15344
15348
15368
15377
15379
15382
15387
15393
15396
15407
15417
15421
15422
15427
15430
15440
15455
15460
15464
15465
15472
15476
15477
15480
15481
15485
15486
15487
15491
15493
15497
15500
15522
15526
15530
15534
15536
15539
15540
15567
15569
15585
15594
15597
15598
15602
15605
15608
15626
15630
15636
15647
15657
15660
15666
15673
15679
15685
15708
15709
15719
15725
15726
15731
15734
15738
15741
15753
15764
15772
15774
15780
15788
15789
15790
15791
15801
15806
15808
15812
15820
15826
15828
15832
15835
15847
15848
15849
15858
15866
15867
15868
15871
15882
15886
15887
15888
15891
15894
15911
15923
15929
15941
15943
15946
15947
15948
15955
15965
15966
15970
15981
15982
15987
15994
15995
16015
16019
16030
16034
16049
16059
16060
16069
16073
16074
16078
16089
16101
16105
16117
16119
16123
16135
16143
16148
16153
16166
16172
16180
16182
16188
16190
16191
16199
16205
16211
16213
16221
16242
16244
16246
16254
16255
16265
16268
16271
16275
16276
16279
16280
16283
16284
16285
16288
16289
16290
16300
16302
16308
16315
16319
16324
16325
16326
16332
16333
16335
16352
16353
16365
16371
16376
16377
16382
16384
16386
16394
16404
16408
16422
16427
16436
16466
16467
16473
16477
16479
16480
16485
16492
16507
16509
16513
16526
16527
16529
16532
16535
16537
16541
16551
16554
16566
16579
16584
16585
16589
16592
16594
16599
16602
16603
16605
16608
16619
16624
16626
16641
16643
16649
16651
16653
16660
16661
16662
16668
16669
16672
16680
16687
16696
16706
16708
16710
16717
16718
16721
16723
16725
16728
16736
16742
16746
16747
16755
16761
16766
16774
16783
16785
16788
16794
16795
16796
16802
16804
16813
16818
16825
16833
16840
16842
16846
16853
16861
16871
16874
16876
16885
16889
16890
16892
16898
16901
16909
16919
16921
16942
16943
16949
16953
16956
16965
16974
16980
16993
16996
16998
17008
17014
17020
17024
17026
17029
17030
17039
17044
17045
17046
17050
17051
17054
17055
17061
17062
17068
17074
17075
17078
17091
17098
17100
17101
17104
17105
17108
17122
17123
17125
17131
17135
17151
17153
17154
17160
17163
17165
17169
17170
17181
17182
17192
17198
17203
17206
17220
17222
17224
17228
17230
17232
17236
17240
17243
17244
17247
17250
17253
17260
17264
17265
17273
17274
17275
17278
17286
17289
17293
17297
17298
17307
17314
17316
17319
17322
17331
17332
17337
17343
17344
17356
17358
17369
17371
17372
17373
17374
17382
17390
17394
17400
17406
17413
17417
17427
17428
17432
17433
17437
17442
17443
17447
17451
17456
17470
17476
17478
17482
17484
17486
17487
17495
17498
17504
17514
17523
17527
17530
17537
17538
17541
17542
17544
17554
17555
17559
17561
17566
17568
17569
17572
17589
17590
17593
17606
17614
17619
17627
17636
17640
17644
17645
17650
17655
17657
17659
17669
17676
17691
17698
17706
17708
17719
17723
17747
17750
17754
17757
17758
17778
17781
17783
17784
17788
17792
17795
17806
17813
17819
17820
17823
17824
17825
17832
17836
17848
17858
17864
17866
17870
17872
17876
17888
17898
17901
17905
17918
17923
17929
17930
17931
17932
17936
17938
17939
17944
17946
17952
17954
17958
17965
17971
17973
17976
17977
17979
17986
17991
17999
18002
18015
18018
18023
18025
18026
18030
18036
18041
18044
18047
18060
18061
18069
18087
18101
18103
18111
18123
18125
18131
18139
18140
18159
18162
18166
18168
18181
18188
18191
18194
18202
18204
18215
18219
18237
18238
18245
18259
18260
18261
18262
18263
18269
18271
18273
18279
18284
18288
18290
18292
18304
18306
18314
18323
18327
18328
18329
18335
18336
18343
18349
18354
18360
18367
18368
18371
18374
18380
18381
18383
18389
18390
18400
18402
18405
18419
18423
18424
18429
18432
18438
18443
18455
18459
18463
18464
18475
18477
18482
18488
18490
18497
18500
18502
18510
18511
18518
18528
18535
18540
18551
18552
18569
18580
18584
18585
18595
18597
18600
18602
18607
18609
18611
18616
18617
18618
18620
18627
18628
18633
18639
18642
18651
18652
18658
18665
18669
18672
18676
18677
18682
18684
18690
18699
18701
18706
18713
18718
18719
18723
18724
18725
18734
18751
18754
18772
18782
18796
18805
18807
18809
18811
18812
18817
18818
18826
18832
18845
18846
18848
18851
18854
18855
18862
18865
18872
18880
18889
18890
18893
18894
18897
18898
18903
18905
18906
18909
18915
18920
18921
18925
18932
18939
18946
18953
18954
18957
18960
18961
18970
18972
18980
18984
18985
18993
18994
19000
19001
19003
19011
19012
19024
19026
19029
19030
19032
19033
19040
19042
19056
19060
19061
19063
19070
19075
19077
19084
19089
19099
19113
19123
19126
19131
19132
19137
19138
19144
19148
19152
19158
19165
19167
19173
19177
19180
19181
19184
19185
19187
19192
19195
19198
19199
19205
19211
19212
19219
19223
19233
19236
19242
19243
19254
19255
19262
19267
19268
19281
19283
19288
19293
19294
19301
19303
19312
19318
19320
19330
19333
19339
19341
19351
19359
19361
19362
19364
19369
19373
19374
19377
19392
19393
19394
19395
19401
19412
19413
19416
19419
19424
19432
19434
19438
19440
19446
19452
19454
19457
19461
19465
19470
19471
19474
19480
19485
19494
19498
19500
19505
19514
19519
19532
19533
19537
19539
19546
19551
19561
19565
19567
19572
19585
19600
19607
19611
19614
19620
19623
19626
19627
19631
19635
19637
19641
19643
19645
19649
19665
19666
19671
19688
19691
19692
19693
19700
19703
19710
19714
19727
19728
19730
19733
19736
19737
19742
19750
19755
19756
19759
19761
19762
19764
19767
19775
19779
19782
19801
19826
19828
19835
19838
19839
19847
19849
19861
19867
19869
19877
19880
19883
19898
19901
19902
19911
19919
19922
19951
19952
19960
19976
19983
19985
19986
20001
20007
20008
20010
20015
20017
20023
20026
20030
20042
20050
20055
20060
20062
20069
20071
20074
20075
20080
20082
20084
20086
20087
20090
20096
20097
20108
20109
20110
20114
20119
20121
20134
20139
20142
20150
20156
20161
20171
20173
20174
20183
20191
20192
20200
20203
20205
20210
20211
20213
20222
20224
20227
20230
20243
20257
20261
20270
20276
20277
20287
20289
20296
20307
20309
20310
20316
20329
20336
20343
20346
20350
20355
20361
20367
20372
20384
20390
20396
20397
20398
20400
20405
20414
20416
20418
20419
20421
20432
20433
20434
20445
20446
20449
20450
20453
20457
20458
20460
20471
20475
20491
20495
20496
20504
20509
20516
20541
20544
20545
20547
20551
20552
20553
20558
20564
20571
20572
20575
20576
20580
20590
20591
20594
20598
20604
20619
20621
20622
20626
20635
20641
20646
20647
20657
20661
20669
20670
20671
20672
20678
20680
20688
20689
20690
20691
20693
20698
20700
20717
20732
20736
20737
20739
20740
20742
20745
20749
20765
20769
20775
20781
20785
20788
20793
20795
20798
20805
20815
20817
20831
20835
20836
20848
20854
20860
20863
20868
20872
20874
20880
20883
20888
20892
20893
20894
20898
20908
20909
20919
20923
20946
20947
20950
20954
20957
20966
20971
20972
20979
20982
20983
20986
21015
21020
21026
21034
21035
21041
21046
21047
21049
21053
21063
21065
21068
21074
21081
21084
21085
21086
21090
21094
21104
21112
21114
21117
21133
21135
21137
21142
21143
21145
21146
21149
21153
21161
21169
21174
21181
21193
21196
21220
21232
21235
21237
21243
21256
21260
21262
21267
21273
21278
21297
21302
21308
21311
21318
21320
21338
21343
21344
21351
21352
21354
21365
21366
21370
21393
21396
21408
21412
21415
21417
21425
21429
21432
21443
21445
21446
21456
21457
21458
21460
21461
21463
21466
21470
21478
21480
21485
21486
21496
21497
21499
21500
21501
21502
21504
21513
21520
21524
21526
21534
21544
21548
21551
21552
21555
21568
21570
21573
21578
21585
21586
21591
21597
21601
21606
21607
21612
21614
21615
21618
21624
21626
21637
21639
21651
21652
21653
21654
21655
21659
21664
21665
21668
21672
21678
21684
21686
21689
21690
21691
21693
21694
21698
21730
21733
21739
21741
21750
21751
21756
21758
21761
21763
21769
21770
21780
21784
21787
21792
21794
21797
21798
21800
21806
21819
21822
21825
21833
21839
21843
21845
21847
21848
21850
21859
21862
21864
21865
21868
21869
21872
21874
21888
21894
21898
21904
21905
21915
21921
21925
21927
21928
21930
21938
21949
21950
21961
21964
21971
21979
21980
21984
21987
21991
21995
22004
22007
22008
22019
22025
22032
22033
22037
22063
22071
22078
22079
22080
22089
22091
22093
22096
22097
22099
22104
22110
22113
22120
22123
22124
22125
22130
22132
22134
22137
22142
22151
22152
22164
22168
22169
22173
22179
22182
22185
22189
22194
22196
22209
22216
22217
22219
22223
22228
22234
22237
22242
22250
22252
22256
22258
22277
22279
22293
22294
22297
22298
22310
22315
22318
22320
22321
22330
22332
22334
22337
22338
22342
22346
22347
22357
22358
22360
22363
22367
22375
22377
22387
22394
22399
22413
22414
22421
22432
22433
22438
22441
22456
22460
22463
22468
22471
22478
22482
22485
22487
22496
22497
22498
22500
22501
22503
22511
22512
22515
22521
22527
22534
22536
22546
22550
22563
22566
22572
22588
22589
22590
22593
22594
22595
22615
22621
22627
22629
22634
22639
22646
22649
22650
22664
22669
22675
22677
22688
22694
22697
22703
22706
22710
22711
22718
22719
22720
22725
22732
22733
22748
22756
22762
22763
22764
22765
22766
22768
22772
22775
22788
22796
22805
22819
22830
22834
22840
22845
22850
22860
22861
22862
22866
22879
22880
22881
22899
22909
22917
22933
22951
22952
22959
22962
22964
22974
22976
22982
22987
22992
23001
23007
23021
23025
23026
23027
23032
23033
23034
23050
23053
23055
23061
23072
23087
23088
23094
23098
23099
23100
23104
23109
23122
23125
23126
23128
23130
23132
23135
23138
23147
23159
23164
23165
23167
23168
23171
23172
23177
23183
23187
23196
23200
23202
23207
23208
23215
23223
23224
23240
23242
23248
23252
23261
23265
23269
23270
23272
23278
23280
23284
23287
23288
23296
23298
23304
23313
23328
23330
23335
23345
23350
23354
23360
23364
23371
23372
23374
23375
23376
23383
23386
23389
23392
23402
23408
23412
23417
23421
23424
23427
23429
23430
23440
23444
23456
23462
23476
23487
23497
23499
23507
23511
23515
23518
23519
23521
23545
23546
23563
23578
23579
23584
23591
23596
23604
23609
23610
23615
23627
23629
23638
23649
23654
23657
23675
23677
23685
23697
23707
23718
23722
23723
23725
23727
23731
23734
23737
23747
23751
23756
23762
23771
23785
23786
23792
23793
23796
23802
23810
23812
23822
23833
23834
23835
23838
23862
23865
23866
23869
23870
23874
23892
23898
23900
23915
23918
23922
23925
23930
23931
23944
23953
23965
23967
23973
23979
23985
23999
24002
24006
24014
24015
24025
24029
24033
24037
24045
24048
24055
24064
24067
24088
24111
24114
24119
24121
24122
24123
24128
24130
24133
24140
24142
24149
24161
24164
24168
24173
24179
24180
24185
24188
24196
24198
24205
24211
24220
24233
24235
24238
24243
24248
24249
24256
24260
24262
24263
24264
24267
24269
24279
24290
24298
24303
24309
24310
24311
24324
24325
24327
24330
24344
24356
24363
24364
24368
24369
24372
24376
24379
24381
24383
24385
24389
24408
24410
24419
24425
24430
24431
24432
24436
24446
24456
24474
24480
24485
24486
24489
24490
24497
24500
24501
24505
24506
24507
24514
24517
24521
24524
24525
24527
24534
24538
24542
24548
24551
24554
24556
24566
24567
24568
24571
24573
24587
24593
24605
24621
24627
24634
24651
24652
24656
24660
24669
24671
24687
24688
24691
24692
24697
24699
24713
24716
24719
24720
24738
24744
24747
24755
24758
24761
24762
24764
24765
24769
24772
24777
24786
24796
24800
24801
24806
24810
24814
24821
24822
24826
24839
24841
24848
24857
24870
24871
24877
24881
24885
24887
24896
24897
24904
24909
24910
24925
24927
24930
24934
24941
24942
24948
24951
24954
24957
24958
24962
24963
24967
24974
24980
24988
24990
24993
24994
24996
25002
25006
25010
25013
25020
25032
25035
25039
25048
25049
25061
25069
25080
25082
25093
25096
25097
25098
25102
25108
25112
25115
25116
25125
25126
25128
25132
25134
25136
25137
25142
25145
25148
25152
25159
25160
25165
25179
25194
25196
25199
25202
25205
25206
25207
25208
25225
25226
25227
25230
25231
25242
25255
25267
25277
25283
25287
25304
25306
25312
25313
25314
25316
25317
25318
25329
25333
25336
25339
25344
25361
25365
25369
25378
25380
25381
25389
25403
25404
25408
25410
25412
25416
25420
25421
25425
25427
25428
25431
25433
25436
25439
25442
25446
25449
25452
25472
25479
25485
25489
25490
25493
25494
25503
25506
25513
25515
25526
25529
25533
25536
25537
25539
25543
25544
25554
25555
25559
25564
25566
25569
25573
25574
25576
25579
25581
25583
25588
25590
25594
25599
25603
25610
25612
25614
25624
25625
25627
25629
25631
25634
25640
25651
25654
25665
25668
25671
25676
25678
25680
25685
25686
25695
25697
25705
25707
25708
25739
25741
25742
25744
25754
25755
25757
25761
25762
25766
25782
25787
25790
25792
25797
25798
25807
25816
25818
25821
25825
25826
25827
25829
25830
25835
25841
25843
25850
25856
25862
25864
25868
25871
25873
25875
25877
25878
25879
25886
25894
25902
25906
25909
25910
25921
25926
25927
25929
25931
25942
25943
25947
25951
25960
25961
25968
25972
25978
25985
25992
25995
25996
26006
26010
26019
26022
26023
26030
26033
26038
26051
26052
26060
26069
26071
26073
26079
26084
26085
26090
26097
26100
26101
26109
26112
26118
26121
26124
26125
26126
26127
26132
26139
26155
26159
26163
26165
26167
26172
26176
26178
26179
26182
26191
26192
26198
26199
26204
26205
26207
26214
26216
26228
26230
26232
26240
26255
26267
26268
26271
26277
26278
26287
26290
26300
26302
26303
26304
26306
26308
26319
26320
26323
26325
26327
26328
26330
26340
26356
26368
26372
26375
26376
26379
26383
26385
26387
26388
26396
26399
26405
26425
26440
26447
26448
26450
26457
26459
26460
26471
26475
26486
26498
26504
26505
26520
26521
26523
26526
26531
26541
26543
26546
26551
26552
26557
26559
26560
26564
26567
26568
26576
26580
26588
26589
26604
26606
26607
26608
26611
26612
26621
26626
26635
26636
26637
26642
26655
26659
26660
26661
26667
26672
26683
26686
26703
26717
26718
26742
26743
26749
26750
26752
26758
26765
26783
26793
26798
26799
26805
26813
26815
26818
26820
26827
26829
26839
26853
26861
26864
26872
26883
26888
26894
26903
26904
26914
26916
26917
26920
26922
26928
26933
26937
26942
26943
26945
26947
26949
26951
26953
26968
26970
26971
26972
26976
26977
26978
26985
26988
26991
26992
26999
27011
27032
27033
27036
27037
27039
27050
27052
27061
27065
27079
27086
27087
27091
27093
27096
27098
27102
27108
27109
27111
27114
27118
27123
27137
27138
27143
27146
27151
27152
27161
27170
27173
27174
27175
27184
27189
27191
27193
27201
27202
27205
27207
27210
27216
27221
27223
27226
27228
27229
27239
27240
27243
27258
27261
27264
27265
27267
27269
27270
27275
27282
27286
27297
27304
27310
27317
27319
27332
27338
27342
27344
27350
27355
27360
27363
27365
27367
27373
27375
27376
27382
27383
27386
27395
27396
27399
27402
27403
27408
27410
27414
27417
27425
27426
27428
27429
27430
27435
27437
27438
27442
27455
27457
27460
27462
27474
27475
27479
27480
27482
27483
27485
27488
27493
27501
27502
27507
27509
27513
27516
27524
27535
27539
27545
27549
27553
27565
27568
27569
27587
27590
27591
27598
27603
27604
27605
27607
27612
27615
27622
27626
27627
27628
27632
27635
27639
27644
27649
27650
27654
27656
27660
27664
27674
27683
27689
27690
27693
